%YAML:1.0
Cameras:
   - Camera  0
Projectors:
   []
Camera  0:
   imageWidth: 1920
   imageHeight: 1080
   responseGamma: 0.
   cameraMatrix: !!opencv-matrix
      rows: 3
      cols: 3
      dt: d
      data: [ 6.9476211e+02, 0., 4.662133e+02, 0.,
          6.9476211e+02, 2.81446e+02, 0., 0., 1. ]
   distortionCoeffs: !!opencv-matrix
      rows: 1
      cols: 4
      dt: d
      data: [ 1.2177352964304565e-01, -2.6007913105329256e-01,
          -5.9578551006836851e-03, -1.4334539897586079e-03 ]
   extrParams: !!opencv-matrix
      rows: 10
      cols: 6
      dt: d
      data: [ -1.7607844755616370e-01, -1.2820713376722212e-01,
          1.5460774537187465e+00, 3.9691618786981451e+01,
          -2.0418669774626716e+02, 6.4351403964187080e+02,
          -1.7811130302287448e-01, -1.4706364694033458e-01,
          1.5843252636738345e+00, 4.5596623077623697e+01,
          -2.2165788108081981e+02, 6.3827216502127044e+02,
          2.4781484476754240e-01, -6.7208474024433540e-01,
          3.0240918432584216e+00, 3.0597905812808028e+02,
          8.7979651732451387e+01, 6.0729733866327001e+02,
          -1.2602515731264630e-02, 1.0104651192342044e-01,
          -1.7992790663995890e+00, -1.1842522426386454e+02,
          3.2234544947681246e+02, 7.6469853273604872e+02,
          5.1147621677178085e-03, 1.7371891574406548e-01,
          -1.8097693911394694e+00, -8.9179918593347736e+01,
          2.6838940269947079e+02, 7.7410825633252318e+02,
          -1.1794349372064081e-01, 1.9322399324060713e-01,
          -3.0305507980128330e+00, 2.1837440238945572e+02,
          3.0684021053236972e+02, 7.1485559885164059e+02,
          -1.3753434037022760e-01, 1.8470375069357825e-01,
          -3.1243272857107169e+00, 2.5517623452792574e+02,
          3.2064272373774821e+02, 7.0213260954811710e+02,
          1.0433239555743316e-01, -2.8159889631200224e-01,
          3.1030888317227983e+00, 2.3864305820545394e+02,
          4.8062175037148895e+00, 5.9512481887669003e+02,
          1.1115187521034058e-01, -1.7039573484898449e-01,
          3.1095106342789514e+00, 2.4488515071801882e+02,
          6.2753077906758733e+01, 5.9891939499910268e+02,
          -1.1577350344439789e-01, 7.9903129906887749e-02,
          -3.1169111581000437e+00, 2.4176659799043321e+02,
          1.1668424414898595e+02, 5.9571494908538386e+02 ]
   reprojErrs: !!opencv-matrix
      rows: 1
      cols: 10
      dt: d
      data: [ 4.1340083848000114e-01, 3.9111806492508300e-01,
          9.7959596925818160e-01, 5.7347563761640497e-01,
          5.0807880449963017e-01, 7.0972237707286367e-01,
          8.7904455182929297e-01, 6.3547446324029178e-01,
          5.8412414368759535e-01, 5.0332289266443064e-01 ]
   avgReprojErr: 6.3779671784126868e-01
   maxReprojErr: 2.4731437660509830e+00
   avgEpipolarErr: 0.
   maxEpipolarErr: 0.
   colorOrder: BGR
   avgColorErr: 0.
   colorR2: 1.
