%YAML:1.0
Cameras:
   - Camera  0
Projectors:
   []
Camera  0:
   imageWidth: 1920
   imageHeight: 1080
   responseGamma: 0.
   cameraMatrix: !!opencv-matrix
      rows: 3
      cols: 3
      dt: d
      data: [ 1.0523318926758902e+03, 0., 9.6081701386596751e+02, 0.,
          1.0522888758443114e+03, 5.2884820654560360e+02, 0., 0., 1. ]
   distortionCoeffs: !!opencv-matrix
      rows: 1
      cols: 4
      dt: d
      data: [ 3.3555160651189304e-02, -3.3089600497660375e-02,
          -8.0365763070985912e-06, 1.2254665136387825e-03 ]
   extrParams: !!opencv-matrix
      rows: 20
      cols: 6
      dt: d
      data: [ 2.2227475985585260e-01, 2.0112565804269367e-01,
          2.8854260664526490e+00, 2.0583658780154457e+02,
          3.1544993728094767e+02, 7.2505081637905687e+02,
          3.6171518614516879e-01, 2.3602774608761140e-01,
          2.6920692977039211e+00, 4.7552041486412560e+02,
          2.2135001314542410e+02, 4.9370791854927836e+02,
          3.0330454989454081e-01, -4.5327831832730536e-01,
          2.7069370872711733e+00, 4.2982523677288646e+02,
          7.5772356615130107e+01, 4.7878327377531934e+02,
          5.9419192014163041e-02, -7.4870255284575216e-01,
          2.8490914697532648e+00, 4.1514446589287468e+02,
          1.0078398569979262e+02, 3.8722686774970356e+02,
          9.4547670711504966e-02, -5.2152607276709162e-01,
          3.0147733061876183e+00, 2.4539637184475006e+02,
          5.8123970953171529e+01, 7.8804174028522004e+02,
          1.8884022893430365e-02, 4.2243737898721795e-01,
          -3.0397737816382686e+00, 1.3136624515749981e+01,
          1.7835921433154027e+02, 8.3742093074274624e+02,
          2.3694224153493279e-01, -1.4402138031294798e-01,
          -2.9106143213736004e+00, -1.1475004711448010e+02,
          4.6550443091078836e+02, 8.3773714527267384e+02,
          8.9041987053151439e-01, -2.6030915348000233e-01,
          -1.6849774821831558e+00, -4.2050678344449221e+02,
          3.0739877631517049e+02, 6.9865858666679492e+02,
          7.5587288634050709e-01, -2.3726815377228982e-01,
          -1.8538686288547099e+00, -3.7842774872607424e+02,
          3.3763766559053960e+02, 7.2931953617014017e+02,
          5.8205003183008319e-01, 8.4698995121954265e-02,
          -1.2654719292156738e+00, -4.0507731093275385e+02,
          1.8902407339280614e+02, 7.9197284822085612e+02,
          3.4833107550071735e-01, 2.8087528097253484e-01,
          -1.3578659666470820e+00, -2.8388816901977799e+02,
          3.0132082124572599e+02, 9.3678252827333631e+02,
          -5.8556941559914977e-02, -1.1069308490563134e-01,
          -1.5852933141265060e+00, 2.1569176124828310e+01,
          3.5008125193794399e+02, 5.9839539207360099e+02,
          -2.0283472212101697e-01, -2.3395447267005126e-02,
          -1.5564222824193525e+00, 2.1107675950397226e+02,
          3.4453410885669223e+02, 5.5393822680516030e+02,
          1.3024971159804069e-01, 4.0667842141959627e-02,
          2.9993437109062806e+00, 2.9120039382528677e+02,
          2.4993982046258887e+02, 4.8840495794617709e+02,
          4.4513993193806320e-02, 1.5787144572373993e-01,
          3.0539049852440834e+00, 2.6695939328208993e+02,
          2.2387529737550332e+02, 4.8340375056899870e+02,
          4.0746506788992685e-02, -2.3854563254802419e-01,
          -3.1057082162349432e+00, 7.7804664440570690e+01,
          3.7588902087147170e+02, 5.5061921484247478e+02,
          2.9949668066666400e-02, -5.3626269768318191e-01,
          2.8897976082949297e+00, 3.9765501959896949e+02,
          6.0184506179599904e+00, 4.6881796243603128e+02,
          -5.0218769002163606e-02, -6.3682249098737054e-01,
          3.0585891684464208e+00, 5.3399285370255299e+01,
          3.8448705629296640e+01, 5.8431056161283584e+02,
          -1.8080034034571837e-01, -4.4570164465362389e-01,
          3.0221992502908148e+00, -8.4853435639607525e+01,
          9.3996794136064096e+01, 6.4731370665827887e+02,
          -6.7332303944934324e-01, -3.0527387316301274e-01,
          2.4260713332936317e+00, 3.9226601649669924e+01,
          1.0811246963721315e+01, 7.7679404819165040e+02 ]
   reprojErrs: !!opencv-matrix
      rows: 1
      cols: 20
      dt: d
      data: [ 1.4698232607085335e-01, 3.2701645890222825e-01,
          2.8364024287743500e-01, 4.0726707291383402e-01,
          2.9712924418984660e-01, 2.1918444423811703e-01,
          2.1403297197359478e-01, 2.8865944087866935e-01,
          2.6369393818214143e-01, 2.9944380783827756e-01,
          2.1494752447544899e-01, 4.5503243714601693e-01,
          2.5519094893606115e-01, 4.0579008563705071e-01,
          4.0866728350273851e-01, 3.6194983191686569e-01,
          3.1300735088018700e-01, 2.9162833140853417e-01,
          2.4020396814131187e-01, 2.8077317712041416e-01 ]
   avgReprojErr: 3.0432511882858293e-01
   maxReprojErr: 1.4521262033141809e+00
   R: !!opencv-matrix
      rows: 3
      cols: 3
      dt: d
      data: [ 1., 0., 0., 0., 1., 0., 0., 0., 1. ]
   T: !!opencv-matrix
      rows: 3
      cols: 1
      dt: d
      data: [ 0., 0., 0. ]
   E: !!opencv-matrix
      rows: 3
      cols: 3
      dt: d
      data: [ 0., 0., 0., 0., 0., 0., 0., 0., 0. ]
   F: !!opencv-matrix
      rows: 3
      cols: 3
      dt: d
      data: [ 0., 0., 0., 0., 0., 0., 0., 0., 0. ]
   avgEpipolarErr: 0.
   maxEpipolarErr: 0.
   colorOrder: BGR
   avgColorErr: 0.
   colorR2: 1.
