%YAML:1.0
Cameras:
   - Camera  0
Projectors:
   []
Camera  0:
   imageWidth: 1920
   imageHeight: 1080
   responseGamma: 0.
   cameraMatrix: !!opencv-matrix
      rows: 3
      cols: 3
      dt: d
      data: [ 2.4840081042450533e+03, 0., 9.6663204406735474e+02, 0.,
          2.4841625728222657e+03, 5.4549191724930961e+02, 0., 0., 1. ]
   distortionCoeffs: !!opencv-matrix
      rows: 1
      cols: 4
      dt: d
      data: [ -3.7807387630316946e-01, 1.0903536207111084e+00,
          -3.2752346385496814e-04, -2.9159191780885204e-03 ]
   extrParams: !!opencv-matrix
      rows: 20
      cols: 6
      dt: d
      data: [ -2.5300990434859721e-01, -1.6778331987720302e-01,
          -3.5579466240257840e-01, -2.7950175019017598e+02,
          -3.2013494914259731e+01, 1.0773972329818894e+03,
          -2.5534145462564783e-01, -1.6029049740591000e-01,
          -3.1592062068042309e-01, -4.2744231318760728e+02,
          -1.2149601102396602e+02, 1.0867046982393908e+03,
          -2.7671567453368123e-01, -1.2156881988829643e-01,
          -1.0501973361018647e-02, -3.4153603187886335e+02,
          -3.2860907947773775e+01, 1.0706501220777925e+03,
          -2.6213541216320402e-01, -1.4673140969852660e-01,
          -2.2187823965972800e-01, -4.2853641230398307e+02,
          -1.9722535900964840e+02, 1.1086095683366018e+03,
          -2.8026806429154960e-01, -1.0108675496164078e-01,
          1.0310250440269149e-01, -8.0257156960746073e+01,
          -2.0460125846995004e+02, 1.1512590315101718e+03,
          1.6715911279504753e-01, 2.5039556537915158e-02,
          3.5140392613906640e-01, -6.9818289341324331e+01,
          -1.1173988988850041e+02, 9.6775632798909976e+02,
          2.1157869330009643e-01, -5.4664527864062218e-01,
          -1.2157480570900510e+00, -3.5676626443002090e+02,
          2.0666994716121539e+02, 8.5411460583274322e+02,
          1.4751379239321055e-01, -6.1146039203438074e-01,
          -1.6900732268734067e+00, -3.0286143618832847e+02,
          2.6101046691026363e+02, 8.7820463732124620e+02,
          -7.9708983971070124e-02, -3.5037688492736091e-01,
          -1.5891601552868808e+00, -3.0346059552472224e+02,
          2.5658890133363394e+02, 9.7608562290118039e+02,
          3.1808535043060138e-01, 1.1983482619704018e-01,
          -1.5610797709910016e+00, -1.9243032207246765e+02,
          2.4922126739989349e+02, 1.0076753150301088e+03,
          -4.1754668912405368e-01, 1.5574562979126022e-01,
          -1.9753969669765357e+00, 7.3138913881715510e+01,
          2.7869118436215501e+02, 1.0099811199081793e+03,
          -1.5928150165835589e-01, 3.0735145523182489e-01,
          -2.5926273685162280e+00, 2.7175723683407216e+02,
          3.1051084070900077e+02, 1.0233530578636468e+03,
          1.2232058956748637e-01, 1.7903364245125578e-01,
          -3.0352989902457264e+00, 1.4270748869269801e+02,
          1.7495587198289695e+02, 1.0526113349151206e+03,
          -1.9908909854590276e-01, -1.1242717769600094e-01,
          3.0887665721385247e+00, 7.9298348865388547e+01,
          4.0423769933357452e+00, 1.0958046952649763e+03,
          -1.9761836678239275e-01, -8.4697740437665092e-02,
          3.0842073004749322e+00, 9.1327664224806000e+01,
          2.0245237688163183e+01, 1.0921032570392338e+03,
          -2.0959953306857862e-01, 2.6913109164339272e-01,
          3.0130878922791755e+00, 1.4967360139020931e+02,
          1.5379819348146631e+02, 1.0724890948753796e+03,
          -3.8760473764330783e-01, 5.1304532692756102e-02,
          2.0130646351594312e+00, -1.5446347649372199e+00,
          -7.3246471343714219e+01, 1.1162630209709421e+03,
          -4.9338218120614785e-01, -6.8195731109117766e-02,
          1.5717682462772056e+00, -1.2866977721278218e+02,
          -1.5535862977194492e+02, 1.1206960733435549e+03,
          -2.9682133869954147e-01, 1.6724477445152161e-01,
          1.7772782642347236e+00, 2.3781779129465167e+02,
          -1.7339805806534778e+02, 1.1801980153658860e+03,
          -3.9194044714122751e-02, 2.4187515620056321e-01,
          1.1506038547845330e+00, 2.0511817312523622e+01,
          -2.3549229134225732e+02, 1.0636842280773969e+03 ]
   reprojErrs: !!opencv-matrix
      rows: 1
      cols: 20
      dt: d
      data: [ 3.2181096436771212e-01, 2.7726003899766510e-01,
          2.3758191601606862e-01, 3.2172269333775799e-01,
          3.4066109835802988e-01, 3.5979637383509810e-01,
          4.2004320333147832e-01, 4.0163648011809999e-01,
          3.0245990667849409e-01, 4.2445185974564609e-01,
          2.8106041398913734e-01, 3.5461233200160203e-01,
          2.1685096478365240e-01, 2.5717568120896372e-01,
          2.1130590630014251e-01, 2.9308397903942163e-01,
          1.9630707228911431e-01, 2.6474218164246061e-01,
          2.8345862178166348e-01, 3.3882239759358079e-01 ]
   avgReprojErr: 3.1051827342045440e-01
   maxReprojErr: 8.5342818146154054e-01
   avgEpipolarErr: 0.
   maxEpipolarErr: 0.
   colorOrder: BGR
   avgColorErr: 0.
   colorR2: 1.
