%YAML:1.0
Cameras:
   - Camera  0
Projectors:
   []
Camera  0:
   imageWidth: 640
   imageHeight: 480
   responseGamma: 0.
   cameraMatrix: !!opencv-matrix
      rows: 3
      cols: 3
      dt: d
      data: [ 5.0108531316129177e+02, 0., 3.1123937785847426e+02, 0.,
          5.0098158746553992e+02, 2.2758792366760716e+02, 0., 0., 1. ]
   distortionCoeffs: !!opencv-matrix
      rows: 1
      cols: 4
      dt: d
      data: [ 1.9267176092789367e-02, 1.1415116817508220e-01,
          -4.7560735699466936e-03, 7.1324162329464906e-04 ]
   extrParams: !!opencv-matrix
      rows: 6
      cols: 6
      dt: d
      data: [ -2.7616393151085489e-01, 4.0493829044650781e-01,
          -2.9972920623529213e+00, 1.8330924409745330e+02,
          8.4584482716149935e+01, 5.1673274829395302e+02,
          -7.6224613024282600e-02, 1.4294486777997414e-01,
          -3.0971407865344642e+00, 1.2294785388182116e+02,
          1.9530751459804006e+02, 4.7152663287301186e+02,
          -4.1274348016859669e-01, 5.9670753980057251e-02,
          -4.4319894409097532e-02, -2.1691112395714833e+02,
          -1.0398322427487786e+02, 4.5226914043088146e+02,
          -2.5896132099457447e-01, 2.2677976066895894e-02,
          -1.5674292653338202e+00, -1.3191801607264307e+02,
          2.0840876104642425e+02, 4.6239150130365539e+02,
          -2.7470112720277079e-02, 2.0402533655250372e-02,
          -3.0876816059789696e+00, 1.3209886657743695e+02,
          2.1047029210777495e+02, 4.4397170029289146e+02,
          -3.2396505058535377e-02, 5.4303790186440833e-02,
          -3.1005852646843128e+00, 1.5719446710895525e+02,
          1.9918046885957739e+02, 4.4189906215675313e+02 ]
   reprojErrs: !!opencv-matrix
      rows: 1
      cols: 6
      dt: d
      data: [ 3.5962951144938232e-01, 4.0430700385527379e-01,
          4.7774842849831095e-01, 4.9068333246640189e-01,
          3.8831823927167580e-01, 4.4406742945905525e-01 ]
   avgReprojErr: 4.3133841633122860e-01
   maxReprojErr: 9.6511574460593097e-01
   avgEpipolarErr: 0.
   maxEpipolarErr: 0.
   colorOrder: BGR
   avgColorErr: 0.
   colorR2: 1.
