%YAML:1.0
Cameras:
   - Camera  0
Projectors:
   []
Camera  0:
   imageWidth: 512
   imageHeight: 424
   responseGamma: 0.
   cameraMatrix: !!opencv-matrix
      rows: 3
      cols: 3
      dt: d
      data: [ 3.5971523344654480e+02, 0., 2.5115495310275469e+02, 0.,
          3.5938122102297979e+02, 2.0459708701075874e+02, 0., 0., 1. ]
   distortionCoeffs: !!opencv-matrix
      rows: 1
      cols: 4
      dt: d
      data: [ 9.1443715223714792e-02, -2.4181169061351784e-01,
          -3.7817310653961052e-03, -2.9927606695436698e-03 ]
   extrParams: !!opencv-matrix
      rows: 20
      cols: 6
      dt: d
      data: [ 1.6673183711715378e-01, -1.8374333984588459e-01,
          -1.4140555446854305e-01, -2.6785554382657409e+02,
          -8.9283285079459205e+01, 4.1650444334607670e+02,
          1.7549022425339095e-01, -7.9141562819146957e-02,
          -1.3241569259318844e-01, -1.4519508327977593e+02,
          -9.2945610482611883e+01, 4.4323887746281542e+02,
          3.1737590474152033e-01, -8.0708188450274290e-02,
          -5.3000999974967516e-02, -2.8449631019915495e+02,
          -1.9324764453622052e+02, 3.5396997522700696e+02,
          2.3841325176566680e-01, -2.3725195933096585e-01,
          -1.4977079175910096e-01, -3.3156396746621687e+02,
          -3.7278719886512839e+01, 3.2660388249080478e+02,
          2.8500749689062604e-01, 2.7704167599821938e-01,
          -2.0871515553905448e-01, -1.1122796422895708e+02,
          -9.3647245382993617e+01, 5.1998600801114549e+02,
          4.3344209797395716e-01, -3.5146494481778212e-01,
          -1.2480738723197769e-01, -3.9498607235580789e+02,
          -8.6880416009605824e+01, 3.1903024161894984e+02,
          6.2203596768832126e-01, -1.5251239084727616e-01,
          7.3892825299085169e-02, -2.8231791771432182e+02,
          -1.6032092891011570e+02, 2.8843993723413126e+02,
          6.1350195955042031e-01, 7.4469606549988479e-02,
          1.9003966620844365e-01, -1.1922934570980195e+02,
          -1.9157903953328852e+02, 3.3208740257062669e+02,
          -1.9630090980008330e-01, -1.3133148578225248e-01,
          -1.6200342012679142e-02, -3.4128908837247820e+02,
          -3.2265811160813776e+01, 4.0266289876246123e+02,
          -1.9081230371223754e-01, -1.0004230900161556e-01,
          1.5356635188551663e-02, -3.8119282756765637e+02,
          -8.7505806221195300e+01, 4.1117946860244137e+02,
          -7.4196260809778439e-02, 1.8018245630983004e-01,
          -4.1932147670980344e-02, -1.7142290398730211e+02,
          -1.6032028422718787e+02, 4.7229609182996768e+02,
          -1.0551929156264121e-01, 2.0971875822595176e-01,
          6.3230709530513549e-03, -1.9308918103067552e+02,
          -1.8101097762328052e+02, 5.0411932565423803e+02,
          6.1126416465959427e-02, 1.8157964215522335e-02,
          2.4459051899854288e-03, -2.1418920299813684e+02,
          -2.0960406000269609e+02, 4.0966825252303505e+02,
          -1.6345103749200607e-01, -3.2613093581716483e-02,
          -8.0696828709709637e-03, -3.2801848629945823e+02,
          -1.2351598369865829e+02, 5.2719869853595458e+02,
          -1.4066198586907552e-01, -1.2853977458780065e-02,
          -2.3007647480915525e-02, -2.5427266204611931e+02,
          -1.7414191518611318e+02, 5.2806111020574235e+02,
          -1.8427832767300312e-02, -6.4702570736434997e-02,
          -3.8262777446886842e-01, -4.3219525641290130e+02,
          -1.3153166521778627e+02, 4.9949344452572905e+02,
          3.8059642173960913e-02, 1.8069273078902154e-01,
          7.5705673153405484e-02, -1.2800910935112179e+02,
          -2.2508539893481813e+02, 5.1656062842260462e+02,
          -3.1422056923781194e-01, -2.7709802785520009e-02,
          1.4305402055259779e-02, -3.3337016238827277e+02,
          -2.8581182243769408e+01, 4.9600805453494598e+02,
          -2.3453565571583432e-01, -5.4655958170827112e-01,
          1.5705019216054422e-01, -2.4376685538486049e+02,
          -1.4909848193113089e+02, 4.3258928676507679e+02,
          -3.0445303030597742e-01, 4.9299888633572875e-01,
          -1.7602490258109560e-01, -1.9012513321591581e+02,
          -9.0505613887340672e+01, 6.3877732313768479e+02 ]
   reprojErrs: !!opencv-matrix
      rows: 1
      cols: 20
      dt: d
      data: [ 3.1871834075192312e-01, 1.7896908784596816e-01,
          4.1588791982536083e-01, 2.7699388212276016e-01,
          2.5181914735493277e-01, 2.1077459746609747e-01,
          2.2640013945113507e-01, 3.3783713712396918e-01,
          4.3699691998287871e-01, 2.4327392912661061e-01,
          3.2937897515512915e-01, 2.9219669802001463e-01,
          3.6098440914244512e-01, 2.6135815187966438e-01,
          3.1178418211292774e-01, 2.4396691175631463e-01,
          2.9826054888920456e-01, 3.4776537472783126e-01,
          2.0877039625920726e-01, 3.0640171292084256e-01 ]
   avgReprojErr: 3.0405620014922285e-01
   maxReprojErr: 1.1497106848231138e+00
   avgEpipolarErr: 0.
   maxEpipolarErr: 0.
   colorOrder: BGR
   avgColorErr: 0.
   colorR2: 1.
