%YAML:1.0
Cameras:
   - Camera  0
Projectors:
   []
Camera  0:
   imageWidth: 1920
   imageHeight: 1080
   responseGamma: 0.
   cameraMatrix: !!opencv-matrix
      rows: 3
      cols: 3
      dt: d
      data: [ 1.3622909187468538e+03, 0., 9.5447010695158633e+02, 0.,
          1.3617037761189335e+03, 5.3258621579470991e+02, 0., 0., 1. ]
   distortionCoeffs: !!opencv-matrix
      rows: 1
      cols: 4
      dt: d
      data: [ 9.3327952022463842e-02, -1.7147578048985943e-01,
          -3.1225416519816665e-03, 4.3096356692921868e-03 ]
   extrParams: !!opencv-matrix
      rows: 20
      cols: 6
      dt: d
      data: [ -4.7733791909967088e-01, 6.1198394705632742e-01,
          2.6097779153552585e+00, 3.6545639187226294e+02,
          7.0768199755984725e+01, 7.7625961732081839e+02,
          3.2642919989680647e-01, -1.2610131172302561e-01,
          -2.9652889423258069e+00, 1.4500673573419999e+02,
          1.7638246781386673e+02, 5.1407489919527654e+02,
          4.2443865782378010e-01, 1.0733401024853226e+00,
          -2.8526959561300940e+00, 1.5494400542048885e+02,
          5.2206003842210905e+01, 6.1134758820050865e+02,
          -1.7862581684740350e-01, 8.4592246306556973e-01,
          2.9861796574126553e+00, 1.9093577942527469e+02,
          1.3912838942050462e+02, 3.8516957613613852e+02,
          8.7336816836991937e-01, 6.0758267467030191e-01,
          2.9056560165134440e+00, 1.6317860693343965e+02,
          7.9637661669504894e+01, 3.1265401206670026e+02,
          6.3826436310595192e-01, -3.6442292769189394e-01,
          -2.9738701895593715e+00, 1.2799739349753258e+02,
          1.9769459243195081e+02, 5.7011406288242767e+02,
          -1.8903598092357204e-01, -5.9479160525084729e-01,
          -3.0341930804230373e+00, 1.9642458263063301e+02,
          1.6024683965374075e+02, 4.3401754059060215e+02,
          -2.1858008512229232e-01, 3.9317566092044737e-01,
          3.0684362562734000e+00, 1.7063311304491685e+02,
          1.3582619636396652e+02, 4.7481289529277325e+02,
          -8.6323889188780256e-01, 9.4314965447662352e-02,
          2.9348174717744340e+00, 1.2272798633436550e+02,
          1.4485814172913604e+02, 6.4715040542503868e+02,
          -8.6247954241234992e-01, -1.0302856567032624e-01,
          2.0039445940932299e+00, 6.3125803872629895e+01,
          -1.0722482444623216e+02, 7.7416040142827319e+02,
          -6.0760137710138817e-01, 5.3294977938454051e-02,
          2.7134618066567593e+00, 2.1420915380164178e+02,
          1.2586110685143243e+01, 7.4876833959137139e+02,
          1.4754088665029649e-01, -1.9923285886259709e-01,
          -2.8213144836941271e+00, 1.7673907841723928e+02,
          1.8050094193732653e+02, 6.4315253854541368e+02,
          -4.6340820492369456e-01, -3.5959888241100540e-01,
          -1.5245836058896249e+00, -1.0907891243479922e+02,
          1.8959316710904278e+02, 5.6526005319945330e+02,
          -2.0197209959323334e-01, -5.8918245460951657e-01,
          -1.5426035064661288e+00, -7.7756154481382865e+01,
          1.7923917377267679e+02, 5.9469906176476945e+02,
          -1.7366099691723300e-01, -6.0610307812317232e-01,
          -1.6369438992542535e+00, 5.9910034073133296e+01,
          2.0029777150383177e+02, 6.2015510923429042e+02,
          2.3319904650286466e-01, -7.6610354546701664e-01,
          -2.7264437649820370e+00, 2.0638506717067989e+02,
          2.0925298721837467e+02, 6.5465534041912008e+02,
          -4.1767717631150286e-01, 1.4218062436670209e-01,
          3.0948440995892628e+00, 1.7068875933016548e+02,
          1.6138647214803083e+02, 6.5142125025701660e+02,
          -7.8004535708424771e-01, 2.9007825050351987e-02,
          1.6453825290073474e+00, 9.5091280487064907e+01,
          -1.4230801831673256e+02, 8.1230790430289278e+02,
          -4.4202291378837233e-01, -2.5824940165840543e-01,
          9.9170208939953508e-01, -2.3443389899699728e+01,
          -2.5538802319104735e+02, 7.0620832677028000e+02,
          -5.0793679744297016e-01, -4.5780434698824168e-01,
          1.4692901335475725e-01, -1.9695626265056964e+02,
          -1.4734463532732818e+02, 6.2535193638760177e+02 ]
   reprojErrs: !!opencv-matrix
      rows: 1
      cols: 20
      dt: d
      data: [ 6.4751132356205843e-01, 5.7628867543482964e-01,
          1.1938685794008053e+00, 1.1106395754174878e+00,
          1.2908868928516459e+00, 5.0955898209078276e-01,
          7.0128391099329723e-01, 7.9026562256065125e-01,
          4.6891278261720670e-01, 7.1802952218846572e-01,
          5.3065250858091983e-01, 3.4982524139981513e-01,
          6.6008065954096062e-01, 6.5424527115122344e-01,
          7.0147849689952935e-01, 6.3228459311380003e-01,
          2.6458227062418671e-01, 7.9554864721749141e-01,
          6.4276830129417240e-01, 8.0504876078138665e-01 ]
   avgReprojErr: 7.4537744964453312e-01
   maxReprojErr: 3.1590999236495363e+00
   avgEpipolarErr: 0.
   maxEpipolarErr: 0.
   colorOrder: BGR
   avgColorErr: 0.
   colorR2: 1.
