%YAML:1.0
Cameras:
   - Camera  0
Projectors:
   - Projector  0
Camera  0:
   imageWidth: 1920
   imageHeight: 1080
   responseGamma: 0.
   cameraMatrix: !!opencv-matrix
      rows: 3
      cols: 3
      dt: d
      data: [ 1.0639056015541591e+03, 0., 9.6441185627976813e+02, 0.,
          1.0616061520603755e+03, 5.2636394129435450e+02, 0., 0., 1. ]
   distortionCoeffs: !!opencv-matrix
      rows: 1
      cols: 4
      dt: d
      data: [ 1.6488467103112362e-02, 5.9914344305170057e-02,
          -5.3456414827918672e-03, -8.1232342973054791e-04 ]
   extrParams: !!opencv-matrix
      rows: 20
      cols: 6
      dt: d
      data: [ -1.9263755425591025e-01, 9.0689561605245606e-01,
          2.6282044662380128e+00, 2.7723645436125184e+02,
          4.9080100512508984e+01, 6.1513696615351262e+02,
          -1.0086172929599992e-01, 3.8495055554828478e-01,
          3.0151132255906354e+00, 2.3128063232093811e+02,
          9.2641081066373857e+01, 5.5585271746489752e+02,
          -8.0615120379437366e-01, 2.4544606407190550e-01,
          1.4339548453471580e+00, -2.8912595110641206e+00,
          -1.4141618767697531e+02, 7.4238821013137988e+02,
          -3.5388442206508469e-01, 2.8252593414662647e-01,
          1.4860463636566914e+00, 1.5187398032802702e+02,
          -2.4349003795709859e+02, 7.0334712425016437e+02,
          -5.4177108582294964e-01, 4.1989164734834666e-01,
          1.3587430170817187e+00, 2.4215578925394192e+02,
          -1.7870231226620444e+02, 7.7487204705355339e+02,
          -1.5368620742110367e-01, 2.4399707855731431e-01,
          3.7372270233197136e-01, -5.4635609134752151e+01,
          -1.9930899344388814e+02, 5.8829779774181941e+02,
          -1.7795312275656422e-01, -1.1046721875579342e-02,
          -6.9861020756383030e-03, -1.9818346236906496e+02,
          -1.4025677855684364e+02, 5.5092723441711610e+02,
          -6.2032076972378425e-01, -3.4106526124966327e-02,
          -5.0114765462297720e-02, -2.2267664817947792e+02,
          -1.0666349977910356e+02, 7.0709925173331010e+02,
          -5.4290548370430658e-01, -1.8034782721137527e-01,
          -9.4197011959566468e-01, -2.5139525395732241e+02,
          9.4062834492985758e+01, 5.6838253625919890e+02,
          -8.3717956942739938e-02, 7.9382384597917310e-01,
          2.9301779508908230e+00, 2.0755518796557533e+02,
          9.9605464074435986e+01, 5.6491031763336071e+02,
          -5.7209599626372593e-02, 9.5026934296015053e-01,
          2.9227959486506556e+00, 2.1168160503473095e+02,
          1.1508615975418421e+02, 5.5895506537853203e+02,
          -6.3744991078350785e-02, 4.3096973814236184e-01,
          3.0507950517291169e+00, 2.1207055718740585e+02,
          1.2707979047665724e+02, 5.2963955159471402e+02,
          -6.7096354356834542e-01, 3.7076375962475716e-01,
          1.5511632626464789e+00, 5.3674156643412687e+01,
          -1.3047385167663816e+02, 7.4199576894898223e+02,
          -2.9048736966577576e-01, 3.4227177445758028e-01,
          6.1401281667160079e-01, -2.8611166433237308e+01,
          -2.1623634730365185e+02, 6.5886559430846307e+02,
          -2.4220882447893111e-01, -1.1817306564888620e-02,
          -6.2815724370266241e-03, -2.0140560187714257e+02,
          -1.3714998257337831e+02, 5.7269031454747540e+02,
          -2.7675013208752969e-01, -4.7208664669297774e-02,
          -6.3877174151055538e-02, -2.0104783232085296e+02,
          -7.5646496999865704e+01, 5.3691702688947112e+02,
          -2.6862387934255633e-01, -5.8672464145702090e-02,
          -8.6932270190405322e-02, -2.2607990033883482e+02,
          -1.5963589743899448e+02, 6.0181161784322273e+02,
          -2.4807840316106469e-01, -2.5819617385175825e-01,
          -4.2674320353900336e-01, -3.1936287112963981e+02,
          -5.2190388418577719e+01, 5.1296525895971877e+02,
          -2.8476603403440864e-01, 1.5966518960708886e-01,
          2.9457557823224439e-01, -4.7879896852959931e+01,
          -1.9280314623844956e+02, 6.3467645315578761e+02,
          -3.5108669623080779e-01, -4.7557928259444458e-02,
          -6.5361879362761582e-02, -2.2675047986822793e+02,
          -3.6773153291418112e+01, 5.4590010522009231e+02 ]
   reprojErrs: !!opencv-matrix
      rows: 1
      cols: 20
      dt: d
      data: [ 3.1503860910528469e-01, 1.6122803186554013e-01,
          2.3723093414458565e-01, 1.3300347657215356e-01,
          1.5928633048820331e-01, 1.2948176052869151e-01,
          2.3446302536656238e-01, 3.1310391754098443e-01,
          2.5519173373982712e-01, 2.5246925188130293e-01,
          3.2734621218891102e-01, 1.8162154858921217e-01,
          1.9360899025551442e-01, 1.2416479564955724e-01,
          2.1879195040973073e-01, 2.2402380668473360e-01,
          1.9762723323213230e-01, 2.4439387399337550e-01,
          1.1136357168840039e-01, 1.9897319305988134e-01 ]
   avgReprojErr: 2.3017761126612399e-01
   maxReprojErr: 9.3303118000310703e-01
   R: !!opencv-matrix
      rows: 3
      cols: 3
      dt: d
      data: [ 1., 0., 0., 0., 1., 0., 0., 0., 1. ]
   T: !!opencv-matrix
      rows: 3
      cols: 1
      dt: d
      data: [ 0., 0., 0. ]
   E: !!opencv-matrix
      rows: 3
      cols: 3
      dt: d
      data: [ 0., 0., 0., 0., 0., 0., 0., 0., 0. ]
   F: !!opencv-matrix
      rows: 3
      cols: 3
      dt: d
      data: [ 0., 0., 0., 0., 0., 0., 0., 0., 0. ]
   avgEpipolarErr: 0.
   maxEpipolarErr: 0.
   colorOrder: BGR
   avgColorErr: 0.
   colorR2: 1.
Projector  0:
   imageWidth: 1280
   imageHeight: 800
   responseGamma: 2.2000000000000002e+00
   cameraMatrix: !!opencv-matrix
      rows: 3
      cols: 3
      dt: d
      data: [ 1.9932584521239917e+03, 0., 6.2660056886549648e+02, 0.,
          2.2110558212787405e+03, 8.2126280020971103e+02, 0., 0., 1. ]
   distortionCoeffs: !!opencv-matrix
      rows: 1
      cols: 4
      dt: d
      data: [ 1.2006281793319055e-01, -4.4887391821329270e-01,
          -5.5577566748936694e-04, -1.4473343618032935e-03 ]
   extrParams: !!opencv-matrix
      rows: 20
      cols: 6
      dt: d
      data: [ -9.2805315600595836e-02, 4.1706377093903652e-01,
          2.8154974354276590e+00, 2.7362890258648599e+02,
          -1.0262179116183125e+02, 7.7526235827737412e+02,
          -4.1078620978725236e-02, -1.7827861201314632e-01,
          3.1031476576319048e+00, 2.2225728870424584e+02,
          -4.4314593220808391e+01, 7.3635066234357407e+02,
          -4.9581247841273912e-01, -2.7357248839196584e-02,
          1.5055160636280549e+00, 1.2757424944447413e+01,
          -3.4730347702976212e+02, 8.2970416695417509e+02,
          -4.4614468363857539e-02, 1.6322435512902109e-02,
          1.5831486390198759e+00, 1.7252069693229780e+02,
          -4.1572947030477889e+02, 7.5288425765177521e+02,
          -2.2955218741246441e-01, 1.6535030902883854e-01,
          1.4756677293768741e+00, 2.6100446331385956e+02,
          -3.7482100801778483e+02, 8.4191712953459671e+02,
          2.1288558310755729e-01, 2.0044817071906970e-01,
          4.8930443695182585e-01, -4.1865728008117109e+01,
          -3.4968128518690952e+02, 6.6405246990313185e+02,
          1.9134022123297681e-01, 1.4899694970515739e-02,
          6.8331836718226249e-02, -1.9035348476667784e+02,
          -2.9291036005116302e+02, 6.5456132581138650e+02,
          -2.5170991872457787e-01, -1.8735088607460884e-02,
          2.5708315450116342e-02, -2.1014781199833234e+02,
          -3.1966213515440830e+02, 8.1262330629306575e+02,
          -2.0985411083591898e-01, 6.6347460630801257e-03,
          -8.6578586225986121e-01, -2.5846775244727354e+02,
          -8.5614730550487067e+01, 7.5649352890601074e+02,
          -4.0630231978562074e-02, 2.5048566659542260e-01,
          3.0979888389830941e+00, 1.9856488162154878e+02,
          -4.3009648542143552e+01, 7.4768607444080124e+02,
          2.9815310659765757e-02, -4.0413705672099198e-01,
          -3.1080437190960932e+00, 2.0129780670245847e+02,
          -2.6035350582918440e+01, 7.4811380591361092e+02,
