%YAML:1.0
Cameras:
   - Camera  0
Projectors:
   - Projector  0
Camera  0:
   imageWidth: 800
   imageHeight: 448
   responseGamma: 0.
   cameraMatrix: !!opencv-matrix
      rows: 3
      cols: 3
      dt: d
      data: [ 6.6416173880397696e+02, 0., 4.1522134006374733e+02, 0.,
          6.6597070927738912e+02, 1.9732191262258215e+02, 0., 0., 1. ]
   distortionCoeffs: !!opencv-matrix
      rows: 1
      cols: 4
      dt: d
      data: [ 2.1409185281488344e-02, -1.7523235655315744e-01,
          9.2779496363650533e-03, 2.6124785499185297e-03 ]
   extrParams: !!opencv-matrix
      rows: 20
      cols: 6
      dt: d
      data: [ 7.1856066010181963e-02, 1.0079668764051035e+00,
          -2.9520280312621878e+00, 2.9902608086691077e+02,
          6.8212079673619201e+01, 8.0096647483880781e+02,
          7.5969716312740881e-02, 6.8995847443027214e-01,
          -3.0559370217319715e+00, 2.8028926765313753e+02,
          7.6374422590062792e+01, 7.1359889734809167e+02,
          3.0770773900720916e-01, 2.8772865995544405e-01,
          -1.6169430400246332e+00, -4.2239348933807619e+01,
          1.9163240011629583e+02, 7.2875361249271691e+02,
          9.7792663318235357e-02, 5.7048339164321094e-01,
          -3.0596975776487527e+00, 3.0657115000227236e+02,
          1.2647353957955434e+02, 7.2251356012530800e+02,
          5.2368115603218257e-01, -4.9117180736980226e-01,
          1.4213864803179688e+00, 2.7250207685648371e+02,
          -2.1053069987947217e+02, 5.7231168460867514e+02,
          -4.8942919991488157e-02, -1.0094554290579427e+00,
          2.9503651162195634e+00, 2.8429924857978278e+02,
          1.1686739515466523e+02, 8.3743702687087398e+02,
          4.7676476607073809e-01, -5.4988033951539195e-01,
          1.5287989889095521e+00, 1.1888107140674704e+02,
          -1.7844647805128031e+02, 6.0286611739650743e+02,
          4.3744864149096696e-01, -5.9465929171147236e-01,
          1.5359411034200083e+00, 1.3044164521625720e+02,
          -1.9905832527154865e+02, 5.8479583322357769e+02,
          5.1469167956121320e-01, -3.3036124434875302e-01,
          7.3785572269431110e-01, -3.2665845918497141e+01,
          -2.3826076216248137e+02, 5.4417188477000059e+02,
          3.1266010614868339e-01, -6.7989748073770395e-02,
          3.6754130585956071e-02, -1.2715334321142755e+02,
          -1.4632021013092452e+02, 5.9510708322172502e+02,
          5.0119552760030595e-01, -5.8545444443791478e-02,
          2.6207569329345433e-02, -1.0999892613437788e+02,
          -2.1073320532853319e+02, 5.5625973086785098e+02,
          3.8606989033148692e-01, -3.6308217715375662e-01,
          1.3854086029946744e+00, 2.5521400952277409e+02,
          -2.3034639628821756e+02, 5.6897210998810147e+02,
          4.5947040629083707e-01, -4.5603959371532826e-01,
          1.3900362008463638e+00, 2.4675619331874856e+02,
          -2.1745407484836707e+02, 5.7907385784414737e+02,
          3.4701502261315448e-01, -7.2091425855309343e-01,
          1.6584583841077103e+00, 1.0672460159802704e+02,
          -1.6394139444863285e+02, 6.0560218346927797e+02,
          4.2412987205798819e-01, -2.7806529208146857e-01,
          5.1798730647409641e-01, -8.2643506771178480e+01,
          -2.2695637778130200e+02, 5.4576574006657620e+02,
          6.5449132442765146e-01, -5.8340808974147625e-02,
          4.7553241644184827e-02, -1.0623443791844107e+02,
          -1.7086555935736104e+02, 5.9612730901079078e+02,
          5.7784813257988898e-01, 4.0129127260032049e-01,
          -1.2790356811187895e+00, -1.5400172324418216e+02,
          8.9790770632761365e+01, 7.9610354826324976e+02,
          8.2991935045701137e-01, 2.2435717173986319e-01,
          -1.3311229895211638e+00, -1.3562716690450981e+02,
          1.4765909176447619e+02, 7.2183913070115682e+02,
          3.4686158524591171e-01, 3.5315606201511379e-01,
          -7.8525574504427909e-01, -1.6099602703955307e+02,
          9.1912469728561419e+00, 7.1613972838660925e+02,
          3.3032240952167885e-01, -4.3230416621198045e-02,
          -1.0931179975099504e-02, -1.5690986492309412e+02,
          -1.6936352381270729e+02, 5.7497722609902166e+02 ]
   reprojErrs: !!opencv-matrix
      rows: 1
      cols: 20
      dt: d
      data: [ 2.3234355476889682e-01, 1.1142539307733970e-01,
          1.3171182118125890e-01, 1.3281331765656226e-01,
          1.7071256883174674e-01, 2.4720175286351076e-01,
          2.1020430700147391e-01, 1.9188990417512347e-01,
          9.3780499423242833e-02, 1.3605453843234683e-01,
          1.7028846880255608e-01, 1.0480628228378222e-01,
          1.8154021127639342e-01, 1.8602908722484718e-01,
          1.8265129675642278e-01, 2.2867449440247220e-01,
          1.4093145388474071e-01, 2.6388261609577329e-01,
          7.9982078335766607e-02, 1.4948820462510387e-01 ]
   avgReprojErr: 1.7793937639287039e-01
   maxReprojErr: 5.4490645533795912e-01
   R: !!opencv-matrix
      rows: 3
      cols: 3
      dt: d
      data: [ 1., 0., 0., 0., 1., 0., 0., 0., 1. ]
   T: !!opencv-matrix
      rows: 3
      cols: 1
      dt: d
      data: [ 0., 0., 0. ]
   E: !!opencv-matrix
      rows: 3
      cols: 3
      dt: d
      data: [ 0., 0., 0., 0., 0., 0., 0., 0., 0. ]
   F: !!opencv-matrix
      rows: 3
      cols: 3
      dt: d
      data: [ 0., 0., 0., 0., 0., 0., 0., 0., 0. ]
   avgEpipolarErr: 0.
   maxEpipolarErr: 0.
   colorOrder: BGR
   avgColorErr: 0.
   colorR2: 1.
Projector  0:
   imageWidth: 1280
   imageHeight: 800
   responseGamma: 2.2000000000000002e+00
   cameraMatrix: !!opencv-matrix
      rows: 3
      cols: 3
      dt: d
      data: [ 1.9640019489996448e+03, 0., 6.7973769241299681e+02, 0.,
          2.2054782890415531e+03, 7.8378028853677313e+02, 0., 0., 1. ]
   distortionCoeffs: !!opencv-matrix
      rows: 1
      cols: 4
      dt: d
      data: [ 9.6022669301423239e-02, -1.3290383454283636e-01,
          8.6588796087890534e-03, 2.9878902242515353e-03 ]
   extrParams: !!opencv-matrix
      rows: 20
      cols: 6
      dt: d
      data: [ 4.8231986395662958e-02, 1.1344213273731374e+00,
          -2.9189686702853548e+00, 2.1337293776207130e+02,
          -4.8116396062629576e+00, 8.0705529830750379e+02,
          -4.8899905617001527e-02, -8.1726358086772333e-01,
          3.0305281193676654e+00, 1.9330532551449869e+02,
          1.0544366113171687e+01, 7.2114044726963186e+02,
          3.4331446514185737e-01, 3.7041201719282885e-01,
          -1.6183810920309860e+00, -1.2735324016921925e+02,
          1.2594939521128600e+02, 7.5062089944739830e+02,
          7.3592053883340003e-02, 6.9735073858114571e-01,
          -3.0442954220523961e+00, 2.1991866920512660e+02,
          5.9663320874351079e+01, 7.3365006667031787e+02,
          6.0236885975764298e-01, -5.3737474710667943e-01,
          1.3949246890921094e+00, 1.8120342636597698e+02,
          -2.6359056816040209e+02, 5.5691414975789473e+02,
          -2.2671008373019292e-02, -1.1278914878128083e+00,
          2.8954862399245207e+00, 1.9961660460480601e+02,
          4.0641375258462681e+01, 8.4786232624663694e+02,
          5.5094280558038367e-01, -5.9921835995580952e-01,
          1.5004039187805998e+00, 2.8077696615793471e+01,
          -2.3404338580289001e+02, 5.9397138673306483e+02,
          5.0963826922959288e-01, -6.4694531806702127e-01,
          1.5053750969186102e+00, 3.9348723309907832e+01,
          -2.5323269773431753e+02, 5.7464606031485107e+02,
          5.9823556935582145e-01, -3.4469259039520200e-01,
          7.1705414164312309e-01, -1.2464855219666681e+02,
          -2.8798457707961148e+02, 5.3230920141796469e+02,
          4.0077365029481549e-01, -5.2087286485752005e-02,
          2.7105482794197243e-02, -2.1732806670220526e+02,
          -1.9983024093768955e+02, 5.9113173804217138e+02,
          5.8506734002552774e-01, -4.0801669225105128e-02,
          1.5619302924819367e-02, -2.0133612890889358e+02,
          -2.6138202009150660e+02, 5.4833440072864335e+02,
          4.6928619151318529e-01, -4.0195800712971957e-01,
