hue:12.930159
sat:56.290512
intens:106.875
erosion:1
red:28.3125
blue:106.875
green:106.875
id:1
col:-13271364
