%YAML:1.0
Cameras:
   - Kinect
Projectors:
   []
Kinect:
   imageWidth: 640
   imageHeight: 480
   responseGamma: 0.
   cameraMatrix: !!opencv-matrix
      rows: 3
      cols: 3
      dt: d
      data: [ 5.2470116288077111e+02, 0., 3.1578000828419027e+02, 0.,
          5.2525676748873082e+02, 2.5985841821135784e+02, 0., 0., 1. ]
   distortionCoeffs: !!opencv-matrix
      rows: 1
      cols: 5
      dt: d
      data: [ 1.8279020317585498e-01, -4.1372594934803675e-01,
          -2.2312249094814480e-03, -6.9521601260172556e-04,
          2.7878071262660475e-01 ]
   extrParams: !!opencv-matrix
      rows: 15
      cols: 6
      dt: d
      data: [ -6.2097152388664612e-01, 1.8176916239272722e-01,
          1.3416927009270219e-01, -1.1652645824937396e+02,
          -2.3413440097084126e+02, 7.8487530512399337e+02,
          -6.2289690986733692e-01, 1.6567060678042256e-01,
          8.2059146755013287e-02, -1.4313780987403717e+02,
          -9.3373251429651390e+01, 6.8484331459644568e+02,
          -1.3312684191410773e-01, 2.1041988762249983e-01,
          9.9350551642162596e-02, -1.4731668761767503e+02,
          -1.9493023325330020e+02, 5.7366960837367776e+02,
          2.7059817537235822e-02, 2.0594971425735828e-01,
          6.1581151055792087e-02, -1.2257569273772495e+02,
          -2.7970325649080337e+02, 5.8005254796473560e+02,
          -1.1203050489574685e-01, 1.9525409248878425e-02,
          -2.1280357757870655e-01, -2.8149469489463604e+02,
          -6.1034562225132980e+01, 4.8313035628590353e+02,
          -5.3463797144119432e-02, 2.2686043477789161e-01,
          1.0907789966269878e-01, -1.4605061986941408e+02,
          -1.6943879331352142e+02, 5.2834347794169628e+02,
          5.6156785796265063e-01, 8.8440755053895967e-02,
          -9.8096120483475907e-02, -2.1964233696650135e+02,
          -9.7752708734096956e+01, 3.4099445349583391e+02,
          1.6155815385693256e-01, 1.9091375243094302e-01,
          2.3398412145536004e-02, -1.6777667348412390e+02,
          -3.0616835105564098e+02, 5.6918678570964130e+02,
          -2.3653744179538141e-01, -4.2486915048232976e-01,
          -9.4246769938710317e-01, -2.5461409261872402e+02,
          -6.2796247183649662e+01, 5.0932159060666896e+02,
          -3.3518530965742899e-01, -7.2004153367890400e-02,
          -1.5136333105591648e+00, -2.8457475850524620e+01,
          1.2999206358764152e+02, 5.0380180876584160e+02,
          -4.0271788889273935e-01, -6.4195428842484387e-02,
          -1.3968904838254139e+00, 2.6196453849141250e+01,
          1.1102986187051451e+02, 5.0945733722112192e+02,
          8.6256825830223108e-02, 3.7651076880486134e-01,
          2.9719625371940341e+00, 2.4952323929717383e+02,
          1.3269139947232190e+02, 4.3039875582345820e+02,
          1.7267369572283117e-01, 2.8243081698212547e-01,
          3.0750877966790529e+00, 2.5378261836579284e+02,
          1.2316534475650825e+02, 4.3290432041641043e+02,
          -5.7454439423910875e-01, -4.7950049602011269e-01,
          -2.0640831269749929e+00, 1.3300145062331554e+01,
          1.3490306815837982e+02, 4.8654304715646003e+02,
          -6.1552451209094117e-01, -3.1474762423480368e-01,
          -1.3226263657435537e+00, -3.7222380886318057e+01,
          -7.7049317751915041e+01, 6.5810031973222090e+02 ]
   reprojErrs: !!opencv-matrix
      rows: 1
      cols: 15
      dt: d
      data: [ 3.9404787517671230e-01, 4.1711793912238604e-01,
          4.4964178631457047e-01, 5.2698523494188554e-01,
          5.5841672396692199e-01, 5.1452365657323185e-01,
          6.3015307266670273e-01, 4.0672483773328205e-01,
          4.6874349862485154e-01, 4.7277896767215810e-01,
          4.8099019885066813e-01, 5.5244543378835353e-01,
          5.6186547043289481e-01, 4.4074907275611047e-01,
          5.5978315188318672e-01 ]
   avgReprojErr: 5.0039942618794964e-01
   maxReprojErr: 1.2217780341832163e+00
   avgEpipolarErr: 0.
   maxEpipolarErr: 0.
   colorOrder: BGR
   avgColorErr: 0.
   colorR2: 1.
