%YAML:1.0
Cameras:
   - Eye Cam
Projectors:
   []
Eye Cam:
   imageWidth: 640
   imageHeight: 480
   responseGamma: 0.
   cameraMatrix: !!opencv-matrix
      rows: 3
      cols: 3
      dt: d
      data: [ 5.818416780834696e+02, 0., 3.3225670701179627e+02, 0.,
          5.8086799827569166e+02, 2.4216039266527051e+02, 0., 0., 1. ]
   distortionCoeffs: !!opencv-matrix
      rows: 1
      cols: 4
      dt: d
      data: [ 1.1615981911255478e-02, 1.7646054122877231e-01,
          -1.7789475204812236e-03, 9.8570190805149747e-03 ]
   extrParams: !!opencv-matrix
      rows: 15
      cols: 6
      dt: d
      data: [ -5.4729041475137193e-02, -4.7099483323913970e-02,
          1.4871138889370888e-02, -3.2170011336222757e+02,
          -2.8368592111363409e+02, 8.0982444432127852e+02,
          -4.0881521365410976e-02, -6.1223974205722891e-02,
          2.7257159151747257e-01, -2.4683325427923063e+02,
          -2.1061867983943878e+02, 8.0405160830813554e+02,
          -2.7743569411737726e-02, -5.9515123249088572e-02,
          -9.1767063016093753e-01, -3.4464818016738997e+02,
          -8.0904524781468169e+01, 7.9885687647116242e+02,
          -6.1869410513585701e-02, -1.2513000823971217e-02,
          1.0605727697850877e+00, -4.3873102363199905e+01,
          -3.9222264913915410e+02, 8.2648735671774614e+02,
          -5.0791211376350689e-02, -6.3748065499403414e-02,
          -4.0479906079085815e-01, -3.5533291950686066e+02,
          -1.5112039439960506e+02, 7.9984485689880569e+02,
          -6.1293166190597277e-02, -5.0629526821823496e-03,
          7.4402671936976483e-01, -2.1192114262330156e+02,
          -3.2966103456438805e+02, 8.1588942814146480e+02,
          -3.9011222260151364e-02, -6.3576318508518831e-02,
          -3.5998687677483227e-01, -3.1869847826987422e+02,
          -1.7345033951947192e+02, 8.0139381198325634e+02,
          3.3120818308862515e-02, 7.1068070436885955e-02,
          -7.2244571926387369e-01, -3.0639101397905125e+02,
          -1.0480060607981171e+02, 7.3937124822263706e+02,
          -9.1926142676562697e-02, 4.2008386995540076e-01,
          -2.4459595273363335e+00, 1.2567516348173232e+01,
          8.2633659397337127e+01, 7.6102554246984494e+02,
          -1.6518555157128584e-01, -4.3013591800609569e-01,
          2.3079366839017448e+00, 1.8793885690037331e+02,
          -2.1399525360753947e+02, 7.7683235165488531e+02,
          5.0561062855765934e-02, -1.3131460679742632e-01,
          -2.7814300168742241e+00, 9.5078899390727770e+01,
          9.5415651195927396e+00, 7.9714919903712246e+02,
          -3.8985632570933508e-03, 3.9891106928430931e-01,
          -2.7367057244781869e+00, 5.6803958746531144e+01,
          5.8103001510149014e+01, 7.7643374873146547e+02,
          -8.3632215064786047e-02, 5.3871174015259676e-02,
          2.6262851716559856e+00, 1.3928677995051601e+02,
          -1.2173169830181523e+02, 8.2202499882854170e+02,
          3.2139080297914659e-02, -8.6619054751153404e-02,
          -2.3002517659628086e+00, 2.3188251659005527e+01,
          6.2693569631621543e+01, 8.0689275862770296e+02,
          8.5615628634176419e-02, 5.4292750943583989e-02,
          -2.5408744152817726e+00, 2.4221327247784252e+01,
          8.8353260056941068e+01, 7.9063565564503358e+02 ]
   reprojErrs: !!opencv-matrix
      rows: 1
      cols: 15
      dt: d
      data: [ 7.4353316050728968e-01, 6.3582705520506944e-01,
          5.3491340155583311e-01, 3.9342587939109985e-01,
          6.3104448377968680e-01, 4.1567297685245408e-01,
          4.3247691051814652e-01, 3.3456223037616234e-01,
          4.9020322251532839e-01, 6.7602019584881445e-01,
          1.8342427158316865e+00, 4.8750829223762454e-01,
          3.0642902502596392e-01, 3.6779790824313607e-01,
          3.2467822082508879e-01 ]
   avgReprojErr: 7.1642882485110082e-01
   maxReprojErr: 3.9848163639383349e+00
   avgEpipolarErr: 0.
   maxEpipolarErr: 0.
   colorOrder: BGR
   avgColorErr: 0.
   colorR2: 1.
