%YAML:1.0
Cameras:
   - Camera  0
Projectors:
   []
Camera  0:
   imageWidth: 512
   imageHeight: 424
   responseGamma: 0.
   cameraMatrix: !!opencv-matrix
      rows: 3
      cols: 3
      dt: d
      data: [ 3.6192566909418377e+02, 0., 2.5186189172318393e+02, 0.,
          3.6405016887961386e+02, 2.1177302178810385e+02, 0., 0., 1. ]
   distortionCoeffs: !!opencv-matrix
      rows: 1
      cols: 4
      dt: d
      data: [ 1.8391169904066643e-01, -4.0763713727696810e-01,
          1.5960897955621543e-03, -2.8659779452206019e-03 ]
   extrParams: !!opencv-matrix
      rows: 6
      cols: 6
      dt: d
      data: [ 4.6132966948621540e-01, -9.2000505542247896e-02,
          -2.9537488184654928e+00, 1.2374286656255758e+02,
          2.0423115593985173e+02, 6.4351723060839652e+02,
          -5.0231436777605953e-01, -9.4138736058728190e-02,
          -3.0414523923046262e+00, 2.6714335242248796e+02,
          1.2164249650198516e+02, 3.8578554728679268e+02,
          5.3863720035784168e-01, 1.1897638956988306e-01,
          3.0703930585251560e+00, 3.8021948462034646e+02,
          7.4679069579259618e+01, 5.7892158926310560e+02,
          1.5716110478747901e-02, -3.1465654574287967e-02,
          -3.0984132042954267e+00, 1.7749875767001353e+02,
          1.0412907585801669e+02, 6.1871522927163880e+02,
          8.6707153532092615e-02, -9.9492956361454069e-02,
          6.7550298170854528e-01, -1.0613117375198912e+02,
          -2.5442171941592187e+02, 4.8519806900460310e+02,
          -1.9892993676569598e-01, 5.5288224986488971e-02,
          1.5958937323545157e+00, -3.4358913408654558e+01,
          -2.2929902556314858e+02, 6.2788509797600000e+02 ]
   reprojErrs: !!opencv-matrix
      rows: 1
      cols: 6
      dt: d
      data: [ 2.8700094390484893e-01, 3.4913227313303957e-01,
          2.3588960621001800e-01, 3.1687442127676257e-01,
          4.7551989303712489e-01, 2.3710998926581986e-01 ]
   avgReprojErr: 3.4431580342003520e-01
   maxReprojErr: 1.2431511867063170e+00
   avgEpipolarErr: 0.
   maxEpipolarErr: 0.
   colorOrder: BGR
   avgColorErr: 0.
   colorR2: 1.
