%YAML:1.0
Cameras:
   - Camera  0
Projectors:
   []
Camera  0:
   imageWidth: 1920
   imageHeight: 1080
   responseGamma: 0.
   cameraMatrix: !!opencv-matrix
      rows: 3
      cols: 3
      dt: d
      data: [ 1.6246585547708776e+03, 0., 9.8597508076737813e+02, 0.,
          1.6243998128297719e+03, 4.7161319611021008e+02, 0., 0., 1. ]
   distortionCoeffs: !!opencv-matrix
      rows: 1
      cols: 4
      dt: d
      data: [ 1.7632444304289237e-02, -1.6174386935444651e-01,
          -3.9711000431226348e-03, 1.4023625659419674e-03 ]
   extrParams: !!opencv-matrix
      rows: 20
      cols: 6
      dt: d
      data: [ -4.3244266294843653e-01, -5.6788305041025999e-01,
          -1.3904459336749944e+00, -2.2714445528036111e+02,
          1.8286208777876502e+02, 7.4634245189839191e+02,
          -6.4170911195898417e-01, -1.3114482924557014e-01,
          1.0365029901728454e-02, -2.3643245921359923e+02,
          -7.7254221739326809e+01, 9.3886014505290768e+02,
          -2.8448610966936289e-01, -1.2418312315366049e-01,
          2.0838541186187307e-02, -2.9017777279908347e+02,
          -1.0911134678554655e+01, 7.4539903349444023e+02,
          -6.5558255459795253e-02, -1.9974151831468162e-01,
          -1.9934001456275004e-02, -3.0819137801496021e+02,
          -2.5706875495943314e+02, 7.7271120410959770e+02,
          -5.6766482547456525e-02, -2.4632176665404731e-01,
          -6.2436909587773252e-02, -3.1685424771277519e+02,
          -2.1446297153788234e+02, 7.7419614955089196e+02,
          -2.5345477956016127e-01, -5.4092821033462446e-01,
          -7.9435486780546605e-01, -4.7596907350316718e+02,
          -6.4088541357891318e+00, 7.2663918995565132e+02,
          -3.4548221766757098e-01, -6.4352068143363028e-01,
          -1.3911113613107702e+00, -3.6048748110437270e+02,
          1.1304191995750706e+02, 7.3930436945035069e+02,
          -4.0233029255871644e-01, -5.9245451559020701e-01,
          -1.5017266186477669e+00, 3.5131444343778426e+01,
          1.5723368820217337e+02, 8.1102821611853210e+02,
          -4.1721931223510200e-01, -5.8240502105846426e-01,
          -1.4573210057322004e+00, -1.4784096861713752e+02,
          1.6815644651110557e+02, 7.7216603351914500e+02,
          1.9792980156979695e-01, -9.8644989733904476e-01,
          -2.9691076361122706e+00, 2.1944896419907840e+02,
          7.1108410842005441e+01, 8.9867010446000370e+02,
          1.7630524354587865e-01, -8.4053465943093086e-01,
          -2.9621312488364566e+00, 1.9128636253701245e+02,
          2.4447139061121402e+02, 7.5902194670571771e+02,
          -8.8261342363499962e-01, -2.1507016967654799e-01,
          2.3468085413355158e+00, 1.6041254387787748e+02,
          -2.9061634733302927e+01, 9.1872639186747381e+02,
          -4.5162012199443924e-01, -4.7341958914354040e-02,
          -2.4462498243675062e+00, 1.5129481971153632e+02,
          2.1066955046520201e+02, 7.3700431032144343e+02,
          -3.4344701420405632e-01, -5.3499845819313885e-01,
          -2.1536801707495323e+00, 1.3003269155341442e+02,
          2.4530512808895395e+02, 7.4109886967381794e+02,
          -3.3898907571849823e-01, -5.5995260931929325e-01,
          -2.1343438752838408e+00, 3.2378247044074399e+01,
          2.4862838522866292e+02, 7.2392428124670198e+02,
          -5.0205581176698211e-01, 5.2171603727487015e-01,
          2.4532434501035203e+00, 1.8382251101775404e+02,
          5.4197702675773884e+00, 9.2651112649784795e+02,
          1.8087055737337571e-01, -2.1942219602522908e-01,
          -3.0748580875470539e+00, 2.2554255148533312e+02,
          4.3198088643513344e+01, 8.8125524590051225e+02,
          1.9090360513271867e-01, -7.3281277501552888e-01,
          -3.0260272502285095e+00, 1.9933923358059420e+02,
          2.9396786516847538e+02, 7.2508424156170565e+02,
          -2.0410724242446118e-01, 7.8533753332050649e-01,
          3.0305081692541602e+00, 1.9636810914335902e+02,
          2.6308268963810332e+02, 7.4256995383015465e+02,
          -4.7229189835804358e-01, 6.6686961298666236e-01,
          2.2039361401691084e+00, 1.9858335744489321e+02,
          -2.6962834093489406e+01, 9.6761345961329596e+02 ]
   reprojErrs: !!opencv-matrix
      rows: 1
      cols: 20
      dt: d
      data: [ 2.3139084469816479e-01, 2.7018500399767470e-01,
          3.1997403665270480e-01, 3.2349527345141105e-01,
          3.3259407003360841e-01, 4.2650464221593992e-01,
          3.6518068467203529e-01, 3.0172828848092720e-01,
          2.4797740387234513e-01, 2.4224274557033185e-01,
          2.1551666199806915e-01, 2.6685341475583246e-01,
          4.2215175839667801e-01, 2.5595557937821950e-01,
          3.3788789836935534e-01, 3.3266884793677620e-01,
          3.7605603667547660e-01, 1.8604468586561163e-01,
          2.1354972671013683e-01, 1.9364752769793694e-01 ]
   avgReprojErr: 3.0170715134418041e-01
   maxReprojErr: 1.6265364327389471e+00
   avgEpipolarErr: 0.
   maxEpipolarErr: 0.
   colorOrder: BGR
   avgColorErr: 0.
   colorR2: 1.
