%YAML:1.0
Cameras:
   - Camera  0
Projectors:
   - Projector  0
Camera  0:
   imageWidth: 1280
   imageHeight: 720
   responseGamma: 0.
   cameraMatrix: !!opencv-matrix
      rows: 3
      cols: 3
      dt: d
      data: [ 1.0975439948532044e+03, 0., 6.5979525961870945e+02, 0.,
          1.0985678200134064e+03, 2.9272983252837429e+02, 0., 0., 1. ]
   distortionCoeffs: !!opencv-matrix
      rows: 1
      cols: 4
      dt: d
      data: [ 8.9040021132671381e-03, -1.5584826278642186e-01,
          -5.4200124208920531e-03, -1.1798764615985514e-04 ]
   extrParams: !!opencv-matrix
      rows: 10
      cols: 6
      dt: d
      data: [ -1.3669507880435111e-01, 7.3329473094517683e-01,
          3.0313217219223807e+00, -7.0201571860495005e+00,
          2.3401205985031118e+02, 7.3980758368759086e+02,
          1.0845872569668596e-01, -1.1745092292093968e+00,
          -2.8898077782713134e+00, 8.0058721507144043e+01,
          2.0019028917750319e+02, 8.0186448519991745e+02,
          -2.6334223926408329e-01, -9.4981157876076960e-01,
          -2.2448612298019954e+00, 6.9876834532257647e+01,
          3.1160884259738287e+02, 6.9256124659118439e+02,
          -5.4506728935368076e-01, -6.6351145354377594e-01,
          -1.4687017968312097e+00, -1.2296834518899668e+02,
          2.6819771054293375e+02, 7.1511971642872129e+02,
          -4.6864764980545745e-02, -1.4031738270910460e-01,
          -1.5367236844214351e+00, -3.0785907368182001e+02,
          3.2767971750149775e+02, 6.8428147886059810e+02,
          -8.7891888515293462e-02, -7.6390254139041880e-02,
          -1.8510346671806427e-01, -3.1738310851611186e+02,
          2.6147121651375652e+01, 7.1242843935663188e+02,
          -7.3904761829639865e-01, 1.0223465059878768e-01,
          4.3591848406645339e-01, -1.2485766043881426e+02,
          -6.6038498760671757e+01, 1.0204338137291712e+03,
          4.8005288284475832e-02, -7.3375867135490769e-02,
          1.3940222438362885e-02, -2.9465962114277477e+02,
          -7.8176867854751009e+01, 6.8925619148697024e+02,
          -3.8655020348849922e-01, -8.4297454069871114e-01,
          -1.9507601283786353e+00, -1.1747370442841184e+02,
          2.9679995378558112e+02, 6.8776023708320929e+02,
          5.9094995552268388e-02, -9.8854352325548689e-01,
          -2.8940428195649717e+00, 1.0933776595137851e+02,
          2.3032108768664227e+02, 7.6749614734586294e+02 ]
   reprojErrs: !!opencv-matrix
      rows: 1
      cols: 10
      dt: d
      data: [ 1.5088524134298797e-01, 2.6886025159203747e-01,
          2.8917635878317599e-01, 3.1872430535961016e-01,
          2.0925699043078466e-01, 1.8826753494453305e-01,
          3.0306193606266968e-01, 2.3091276164540772e-01,
          2.7990286642421791e-01, 2.3378936158864613e-01 ]
   avgReprojErr: 2.5598298279584969e-01
   maxReprojErr: 7.0937710713922231e-01
   R: !!opencv-matrix
      rows: 3
      cols: 3
      dt: d
      data: [ 1., 0., 0., 0., 1., 0., 0., 0., 1. ]
   T: !!opencv-matrix
      rows: 3
      cols: 1
      dt: d
      data: [ 0., 0., 0. ]
   E: !!opencv-matrix
      rows: 3
      cols: 3
      dt: d
      data: [ 0., 0., 0., 0., 0., 0., 0., 0., 0. ]
   F: !!opencv-matrix
      rows: 3
      cols: 3
      dt: d
      data: [ 0., 0., 0., 0., 0., 0., 0., 0., 0. ]
   avgEpipolarErr: 0.
   maxEpipolarErr: 0.
   colorOrder: BGR
   avgColorErr: 0.
   colorR2: 1.
Projector  0:
   imageWidth: 1920
   imageHeight: 1080
   responseGamma: 2.2000000000000002e+00
   cameraMatrix: !!opencv-matrix
      rows: 3
      cols: 3
      dt: d
      data: [ 2.7387416733387922e+03, 0., 9.4709968342020250e+02, 0.,
          2.7324535607449457e+03, 1.0342488983166465e+03, 0., 0., 1. ]
   distortionCoeffs: !!opencv-matrix
      rows: 1
      cols: 4
      dt: d
      data: [ 7.4957507989806410e-02, -2.9821885468815029e-01,
          -6.0607039972318784e-03, -6.7699382112113959e-04 ]
   extrParams: !!opencv-matrix
      rows: 10
      cols: 6
      dt: d
      data: [ -1.3261951012052905e-01, 3.1443139020430683e-01,
          3.0537758940028188e+00, 9.7770285144664470e+01,
          -1.7873636804214783e+01, 8.0048250000917687e+02,
          -1.0648151247514664e-01, 7.7518988167399050e-01,
          3.0152109215928888e+00, 1.8263760360028829e+02,
          -7.0129084868330892e+01, 8.5105527483414448e+02,
          -1.4601303336514437e-01, -6.3939329535720146e-01,
          -2.3778777706255267e+00, 1.7800680822567725e+02,
          6.6951795557899118e+01, 7.7546039834933322e+02,
          -3.3994029353354793e-01, -4.5563398566080832e-01,
          -1.5664488585932845e+00, -1.6406533905473253e+01,
          2.6077905959669199e+01, 7.8438809479275881e+02,
          1.6865673102941012e-01, 4.9581963359636272e-02,
          -1.5811345310788252e+00, -1.9858081962873135e+02,
          9.8377102914714627e+01, 7.6841657377843762e+02,
          1.7182430267080459e-01, -6.0304245872349296e-02,
          -2.3094219466357629e-01, -2.1924634082027447e+02,
          -1.9963929146563916e+02, 7.1898280176345054e+02,
          -4.7213015855548596e-01, 4.5453128245796573e-02,
          4.0234105677051279e-01, -3.4624098658858742e+01,
          -3.7735164328383871e+02, 9.8911476801731692e+02,
          3.0530375493813428e-01, -8.3417754478533640e-02,
          -3.2029789261665179e-02, -1.9997782124088354e+02,
          -2.9557117536081557e+02, 6.7139696061157815e+02,
          -2.3185628975572403e-01, -5.7086842085623435e-01,
          -2.0693962615598545e+00, -9.4107486579531123e+00,
          6.0684091595264135e+01, 7.6568746091404262e+02,
          7.4561982363110069e-02, -5.9809735771404970e-01,
          -3.0430788196641316e+00, 2.1344221922190638e+02,
          -3.3139314624403909e+01, 8.2668435928902989e+02 ]
   reprojErrs: !!opencv-matrix
      rows: 1
      cols: 10
      dt: d
      data: [ 5.2184230352079131e-01, 3.4672903515618742e-01,
          2.9829088466544035e-01, 3.5586162932590815e-01,
          3.8808922548220454e-01, 3.2915430904692278e-01,
          3.2032342050739976e-01, 4.0827093761770727e-01,
          2.6359137602128119e-01, 3.3905361057172562e-01 ]
   avgReprojErr: 3.5911985528000123e-01
   maxReprojErr: 1.2337823060529920e+00
   R: !!opencv-matrix
      rows: 3
      cols: 3
      dt: d
      data: [ 9.9929316575795668e-01, 3.3798927918250198e-02,
          -1.6456042690086287e-02, -3.6968223887303704e-02,
          9.6297173673289294e-01, -2.6705577072262277e-01,
          6.8205052642163312e-03, 2.6747535722980686e-01,
          9.6354056166968283e-01 ]
   T: !!opencv-matrix
      rows: 3
      cols: 1
      dt: d
      data: [ 1.0904943338216948e+02, -4.5996995167102106e+01,
          2.5588062950721735e+01 ]
   E: !!opencv-matrix
      rows: 3
      cols: 3
      dt: d
      data: [ 6.3222249232934913e-01, -3.6943644133105437e+01,
          -3.7486530685823269e+01, 2.4826204197197711e+01,
          -2.8303187054364717e+01, -1.0549463054708993e+02,
          4.1933119047831248e+01, 1.0656617137787465e+02,
          -2.9879208994826104e+01 ]
   F: !!opencv-matrix
      rows: 3
      cols: 3
      dt: d
      data: [ -6.7698221984492621e-09, 3.9522291490754641e-07,
          3.2933259444400872e-04, -2.6645012221485999e-07,
          3.0348414487729416e-07, 1.3296396165787992e-03,
          -9.4775895103569468e-04, -3.8104806197912689e-03,
          9.9999999999999989e-01 ]
   avgEpipolarErr: 4.4313584829482106e-01
   maxEpipolarErr: 1.8441294227523213e+00
   colorOrder: BGR
   avgColorErr: 0.
   colorR2: 1.
