%YAML:1.0
Cameras:
   - Camera  0
Projectors:
   - Projector  0
Camera  0:
   imageWidth: 640
   imageHeight: 480
   responseGamma: 0.
   cameraMatrix: !!opencv-matrix
      rows: 3
      cols: 3
      dt: d
      data: [ 7.8092662018524834e+02, 0., 3.4012661086017937e+02, 0.,
          7.8023048390251097e+02, 2.4898382258850160e+02, 0., 0., 1. ]
   distortionCoeffs: !!opencv-matrix
      rows: 1
      cols: 4
      dt: d
      data: [ -8.7690442076353445e-02, 2.5499121672739983e-01,
          7.9254737328811210e-03, 2.1403730786390259e-03 ]
   extrParams: !!opencv-matrix
      rows: 15
      cols: 6
      dt: d
      data: [ 6.6219083419320268e-01, 2.9658203037791299e-02,
          -7.4460961129919193e-02, -2.4701102579776887e+02,
          -1.4353248799944149e+02, 9.4338573370003598e+02,
          3.2200448507901069e-01, 1.2366830836339358e-01,
          -2.3665615655147981e-01, -1.7819708145533909e+02,
          -1.1336624007967843e+02, 9.4588919348922161e+02,
          3.5060042234957395e-01, -2.8377920133663792e-01,
          5.3854108383013388e-01, -1.2171748833051714e+02,
          -2.3144235541747807e+02, 8.5826451199787948e+02,
          2.7413732154599751e-01, -2.5152926504551704e-01,
          1.5203287156395846e+00, 1.4341009248096827e+02,
          -1.9352133112945532e+02, 8.9897314991493033e+02,
          2.7584856701339186e-03, 5.0209719026256217e-01,
          -3.0659952273845055e+00, 2.2743969131024696e+02,
          6.8577059379294923e+01, 9.6569611357615736e+02,
          1.0223437155969792e-01, 1.6626056202111741e-02,
          -2.8764522651454061e+00, 1.1071577010380730e+02,
          1.3246322169101938e+02, 8.7256496295572367e+02,
          -1.6791163299444016e-02, 1.2065033810284469e-01,
          -3.0873954720134522e+00, 1.6727967615344727e+02,
          1.6754383856377709e+02, 9.2152196462661493e+02,
          2.6530209202528543e-01, 7.5015164798665240e-02,
          -1.3152761391747942e+00, -3.4208417618651259e+02,
          1.3221200340278386e+02, 9.3205060565970973e+02,
          3.7825181809834940e-01, 1.5711120278822452e-01,
          -1.2305363631480826e+00, -3.3699021527378306e+02,
          9.6074374225934875e+01, 9.7502090723483855e+02,
          3.1319673601228115e-01, 2.4041052820355963e-01,
          -1.4410262459979837e+00, -2.1894719956708255e+02,
          1.5221898911320034e+02, 1.0118605897046128e+03,
          6.7452629633637462e-02, 5.6050661843074745e-01,
          -2.0891637006293422e+00, 2.4675961532703035e+01,
          2.2230902106242226e+02, 1.0760083334434485e+03,
          5.2291061305673059e-01, 1.3256075120487190e-01,
          -9.2909095257382324e-01, -2.2704556301873117e+02,
          4.6894165467036508e+01, 9.8731061955210077e+02,
          6.0447745713419110e-01, -3.2990782385829344e-02,
          -5.0327459783441386e-01, -1.2720254198817184e+02,
          -4.3863162886355546e+01, 9.1235884604544697e+02,
          4.0428020139441390e-01, 1.0321488615238263e-01,
          -2.1532253385139977e-01, -2.0545108512070169e+02,
          -1.4412030494679306e+02, 9.2701780175301769e+02,
          4.5813525520859238e-01, -4.7686729058938365e-02,
          1.0094115445436405e-01, -1.5532857587563464e+02,
          -1.5882562007040767e+02, 9.1866398503788776e+02 ]
   reprojErrs: !!opencv-matrix
      rows: 1
      cols: 15
      dt: d
      data: [ 3.3901540106389833e-01, 2.4998468700601900e-01,
          2.5728991046824207e-01, 3.1580658027549285e-01,
          3.1809249839772669e-01, 1.8919926365562151e-01,
          2.3421268784655958e-01, 2.0327497693091509e-01,
          2.4345099872616099e-01, 3.0455811960650553e-01,
          2.9848303090825606e-01, 2.6498736035018705e-01,
          2.9226584350882040e-01, 2.2902342498617578e-01,
          2.8873999188743071e-01 ]
   avgReprojErr: 2.7447418946682284e-01
   maxReprojErr: 6.8777275973821916e-01
   R: !!opencv-matrix
      rows: 3
      cols: 3
      dt: d
      data: [ 1., 0., 0., 0., 1., 0., 0., 0., 1. ]
   T: !!opencv-matrix
      rows: 3
      cols: 1
      dt: d
      data: [ 0., 0., 0. ]
   E: !!opencv-matrix
      rows: 3
      cols: 3
      dt: d
      data: [ 0., 0., 0., 0., 0., 0., 0., 0., 0. ]
   F: !!opencv-matrix
      rows: 3
      cols: 3
      dt: d
      data: [ 0., 0., 0., 0., 0., 0., 0., 0., 0. ]
   avgEpipolarErr: 0.
   maxEpipolarErr: 0.
   colorOrder: BGR
   avgColorErr: 0.
   colorR2: 1.
Projector  0:
   imageWidth: 1280
   imageHeight: 800
   responseGamma: 2.2000000000000002e+00
   cameraMatrix: !!opencv-matrix
      rows: 3
      cols: 3
      dt: d
      data: [ 2.0258261813204283e+03, 0., 6.6184163630885826e+02, 0.,
          2.2481012699205862e+03, 8.2004319762064188e+02, 0., 0., 1. ]
   distortionCoeffs: !!opencv-matrix
      rows: 1
      cols: 4
      dt: d
      data: [ 1.5136188964557035e-01, -3.7833531086864985e-01,
          -2.2540481933344373e-03, -3.9434863819252427e-03 ]
   extrParams: !!opencv-matrix
      rows: 15
      cols: 6
      dt: d
      data: [ 9.2860589315097442e-02, 7.7399005961697487e-01,
          2.9624110236550476e+00, 2.1458852371557720e+02,
          -7.2018327530500173e+01, 8.9804483113797551e+02,
          -2.9025950784117880e-02, 2.6408451144981138e-01,
          2.8678139015447690e+00, 1.4526337696783199e+02,
          -1.0069214266538054e+02, 9.0145352005150073e+02,
          -4.2820288173806659e-01, -2.4205796851891764e-01,
          -2.5571000486676021e+00, 8.6267732315871186e+01,
          3.0521002059574450e+01, 8.3577138688780178e+02,
          -2.0506085429092999e-01, -8.6867237979538089e-02,
          -1.6173604293965600e+00, -1.7624274682168655e+02,
          -6.5577158626316185e+00, 8.9498823647113466e+02,
          -1.7115728508486142e-01, 7.7761188458925865e-02,
          1.6290184764635746e-02, -2.6431536173725715e+02,
          -2.7383554036509247e+02, 9.2642581213686219e+02,
          1.4586035254480470e-01, 1.2559741930632090e-01,
          2.3711732128881688e-01, -1.5674010140307692e+02,
          -3.2555089506033272e+02, 8.1734056195971209e+02,
          5.8525022043863201e-02, 6.1979733980197266e-02,
          2.2757491955021282e-02, -2.1079633674916903e+02,
          -3.6676304424914053e+02, 8.6684051207703499e+02,
          1.2922546466241555e-01, 2.0953983205580407e-01,
          1.7970984423314167e+00, 2.9812876670258811e+02,
          -3.4600950956391267e+02, 8.3431103466769582e+02,
          2.2800746534682559e-02, 3.3388023899919839e-01,
          1.8713829513565705e+00, 2.9782326715397784e+02,
          -3.1669361296767300e+02, 8.8418250896910013e+02,
          -5.2285500456459154e-02, 2.6177434548804013e-01,
          1.6606007456313843e+00, 1.8129897362531247e+02,
          -3.7501404691618887e+02, 9.2276558400109616e+02,
          -2.9759086483272051e-01, 5.2960143075432210e-02,
          9.7172500479564095e-01, -5.9940833992349596e+01,
          -4.4809427237866743e+02, 9.9485368346595988e+02,
          2.0651372632694381e-02, 5.0215592229312223e-01,
          2.1528940731922135e+00, 1.9137262486979614e+02,
          -2.6639490247830361e+02, 9.1295370485388639e+02,
          2.0428842509476081e-01, 6.3530875349033367e-01,
          2.5584746072354103e+00, 8.9527952410229446e+01,
          -1.6325656359823572e+02, 8.6239744719136377e+02,
          -3.1114264621725524e-03, 3.8256720449639364e-01,
          2.8809676525847085e+00, 1.7217878671458382e+02,
          -6.8228919048703276e+01, 8.8579027144335589e+02,
          -1.9267716290662451e-01, -4.5971855110095600e-01,
          -3.0077089522397062e+00, 1.2159549164900042e+02,
          -5.1017655838567492e+01, 8.8285578373544229e+02 ]
   reprojErrs: !!opencv-matrix
      rows: 1
      cols: 15
      dt: d
      data: [ 5.0617661793902102e-01, 3.4126068237373675e-01,
          5.6739159165252950e-01, 6.1341304159289900e-01,
          5.3965002795221595e-01, 4.7366464903594818e-01,
          8.5397897162324576e-01, 7.1799437526535881e-01,
          5.6210214871671826e-01, 4.9821768215917167e-01,
