%YAML:1.0
Cameras:
   - Camera  0
Projectors:
   - Projector  0
Camera  0:
   imageWidth: 640
   imageHeight: 480
   responseGamma: 0.
   cameraMatrix: !!opencv-matrix
      rows: 3
      cols: 3
      dt: d
      data: [ 7.5103942700923756e+02, 0., 3.3329423638781367e+02, 0.,
          7.5417385402248578e+02, 2.1997069500874738e+02, 0., 0., 1. ]
   distortionCoeffs: !!opencv-matrix
      rows: 1
      cols: 4
      dt: d
      data: [ -1.1687858057654574e-01, 2.8522167289065670e-01,
          4.6152734316497945e-03, 1.2188003766417906e-04 ]
   extrParams: !!opencv-matrix
      rows: 10
      cols: 6
      dt: d
      data: [ 1.0234469098525366e-01, -5.2699805736261496e-01,
          2.8541997580175331e+00, 2.7248860134355283e+02,
          7.0030056841790284e+01, 7.9484260386117512e+02,
          2.6051234933617862e-01, 6.8564170837167193e-01,
          -2.4915524098999970e+00, 5.2399496853073487e+01,
          1.7577548728484325e+02, 9.3146955534663482e+02,
          4.4402485405215059e-01, -4.6231114999248613e-01,
          1.5874391453316954e+00, 2.3451739457315875e+02,
          -2.0135154879461581e+02, 6.9168276187984043e+02,
          5.5931697762732691e-01, -1.5795213582926809e-01,
          4.3146101207136933e-01, -9.1962830983086462e+01,
          -2.1114588882412943e+02, 6.8824374265467270e+02,
          4.6166144255711156e-01, 2.8436461384012412e-02,
          -1.5941532359962871e-01, -2.3026175527634302e+02,
          -1.1607947282356157e+02, 7.3986232520921681e+02,
          4.5103101919617894e-01, 3.2315665104677954e-01,
          -1.0109293842766274e+00, -2.0029276676577027e+02,
          6.0111664686889128e+01, 8.5618094895637068e+02,
          2.6147539749119109e-01, 5.3075440719808353e-01,
          -1.2329174593446646e+00, -9.0822712137194841e+01,
          9.7829380750619251e+01, 8.7557812944925354e+02,
          3.0378528688201539e-01, -7.8430002236957577e-02,
          1.0810100161364232e-01, -2.1659775684860648e+02,
          -1.2195556078282380e+02, 7.3016076824250047e+02,
          4.0410998339019305e-01, -3.8599327778440168e-01,
          9.9956689257703579e-01, -5.3934002996874192e+01,
          -2.6064789635157314e+02, 6.5335754072189900e+02,
          4.2687857632348175e-01, -4.7371979479199583e-01,
          1.5162113595308142e+00, 1.2383596271889520e+02,
          -2.2902371468195778e+02, 6.8539535460808702e+02 ]
   reprojErrs: !!opencv-matrix
      rows: 1
      cols: 10
      dt: d
      data: [ 2.1204850429192970e-01, 1.9418677088397229e-01,
          2.8679237586924750e-01, 2.4665223940759512e-01,
          2.0282715013843361e-01, 2.0143892808118027e-01,
          1.9189440482390624e-01, 1.7934566240674307e-01,
          1.7916621602831245e-01, 3.4773613562992928e-01 ]
   avgReprojErr: 2.2751786762873405e-01
   maxReprojErr: 4.8121854769119515e-01
   R: !!opencv-matrix
      rows: 3
      cols: 3
      dt: d
      data: [ 1., 0., 0., 0., 1., 0., 0., 0., 1. ]
   T: !!opencv-matrix
      rows: 3
      cols: 1
      dt: d
      data: [ 0., 0., 0. ]
   E: !!opencv-matrix
      rows: 3
      cols: 3
      dt: d
      data: [ 0., 0., 0., 0., 0., 0., 0., 0., 0. ]
   F: !!opencv-matrix
      rows: 3
      cols: 3
      dt: d
      data: [ 0., 0., 0., 0., 0., 0., 0., 0., 0. ]
   avgEpipolarErr: 0.
   maxEpipolarErr: 0.
   colorOrder: BGR
   avgColorErr: 0.
   colorR2: 1.
Projector  0:
   imageWidth: 1280
   imageHeight: 800
   responseGamma: 2.2000000000000002e+00
   cameraMatrix: !!opencv-matrix
      rows: 3
      cols: 3
      dt: d
      data: [ 2.1623881471463255e+03, 0., 6.9822333526547948e+02, 0.,
          2.3893190670361005e+03, 6.8176727879458258e+02, 0., 0., 1. ]
   distortionCoeffs: !!opencv-matrix
      rows: 1
      cols: 4
      dt: d
      data: [ 1.7220724504462651e-01, -7.8723769734351445e-01,
          -1.1403732280120871e-02, 5.9061810594193665e-04 ]
   extrParams: !!opencv-matrix
      rows: 10
      cols: 6
      dt: d
      data: [ -2.5179657719072773e-01, -8.4245038999597857e-02,
          -2.4688138679639082e-01, -2.6225167870239164e+02,
          -1.8391940711304247e+02, 8.4894423772945891e+02,
          -4.3963629031089135e-01, 1.5478936687182321e-01,
          5.5049327370156587e-01, -4.5292259678700823e+01,
          -3.0058722743826416e+02, 9.8649052440019273e+02,
          -3.6659755146880557e-01, -3.8659383315873808e-01,
          -1.4816619627513643e+00, -2.2197857587928669e+02,
          9.6856634396939967e+01, 7.7962490653071313e+02,
          -1.6201347616123674e-01, -6.5305148750212294e-01,
          -2.6329348490572415e+00, 1.0458346094260907e+02,
          1.0601934754809250e+02, 7.8306513795084493e+02,
          -6.1220308593667908e-02, 5.3909400111384964e-01,
          2.9259820370470333e+00, 2.4161299883550817e+02,
          6.3016593015308704e+00, 8.2856896365247871e+02,
          -3.4378930782704814e-01, 4.0830061161524422e-01,
          2.0568872815042747e+00, 2.0902963641914226e+02,
          -1.7911579007867439e+02, 9.2734191173513113e+02,
          -5.5207087138771382e-01, 1.7754161969782667e-01,
          1.8149997374193201e+00, 9.8542262761851831e+01,
          -2.1746242415247670e+02, 9.3627943589717779e+02,
          -8.9891012648973229e-02, -2.9260710196127337e-01,
          -3.0202090262718686e+00, 2.2805469697442953e+02,
          1.2869923813631917e+01, 8.1644344542082933e+02,
          -3.7940618665905129e-01, -3.8328758187711826e-01,
          -2.0786375920013827e+00, 6.7344954407154518e+01,
          1.5825856733155905e+02, 7.4899422776829022e+02,
          -3.8605035117677461e-01, -3.7391036170457725e-01,
          -1.5512112370781173e+00, -1.1092462794084290e+02,
          1.2473882947133467e+02, 7.8027872193943062e+02 ]
   reprojErrs: !!opencv-matrix
      rows: 1
      cols: 10
      dt: d
      data: [ 4.0457559998062675e-01, 3.5671894620953376e-01,
          4.9481629360454377e-01, 4.7942304161199500e-01,
          4.3329092099655880e-01, 3.4356493287738682e-01,
          5.3377005104735253e-01, 4.2073297382915281e-01,
          5.0764865262122272e-01, 4.8149571025212018e-01 ]
   avgReprojErr: 4.4661647575157337e-01
   maxReprojErr: 9.8423530707609119e-01
   R: !!opencv-matrix
      rows: 3
      cols: 3
      dt: d
      data: [ -9.9979281977603873e-01, -7.9802339671687639e-04,
          -2.0339141646972734e-02, 2.4570219448696372e-03,
          -9.9665615440468713e-01, -8.1672963276857816e-02,
          -2.0205953762189924e-02, -8.1706015971400967e-02,
          9.9645162772040352e-01 ]
   T: !!opencv-matrix
      rows: 3
      cols: 1
      dt: d
      data: [ 2.6307806478180378e+01, -4.8870018029911023e+01,
          7.2792283148476329e+01 ]
   E: !!opencv-matrix
      rows: 3
      cols: 3
      dt: d
      data: [ 8.0861308755679950e-01, 7.6541851466772101e+01,
          -4.2751447544206158e+01, -7.2245627705668227e+01,
          2.0914161112258078e+00, -2.7694989144699623e+01,
          -4.8795254270792320e+01, -2.6258836653151818e+01,
          -3.1426107313875797e+00 ]
   F: !!opencv-matrix
      rows: 3
      cols: 3
      dt: d
      data: [ 1.0770691105644959e-08, 1.0152968349918343e-06,
          -6.5460282310750122e-04, -8.7091120230009528e-07,
          2.5106953708012476e-08, 3.4005376070607791e-05,
          -8.1920719410603904e-04, -1.4792087139356834e-03, 1. ]
   avgEpipolarErr: 1.7288126754371185e+00
   maxEpipolarErr: 6.2146714121848534e+00
   colorOrder: BGR
   avgColorErr: 0.
   colorR2: 1.
