hue:85.955894
sat:106.24454
intens:44.742188
erosion:1
red:47.695312
blue:78.75
green:78.75
id:4
col:-4092786
