hue:33.219833
sat:86.6416
intens:73.875
erosion:1
red:67.828125
blue:71.90625
green:71.90625
id:2
col:-13473204
