hue:10.41697
sat:67.8931
intens:60.960938
erosion:1
red:46.78125
blue:61.125
green:61.125
id:2
col:-15639190
