hue:12.0
sat:48.221924
intens:19.054688
erosion:1
red:42.421875
blue:19.054688
green:19.054688
id:1
col:-15171874
