hue:33.524082
sat:36.66612
intens:4.71875
erosion:1
id:4
col:-2164083
