hue:16.428654
sat:40.93088
intens:79.94531
erosion:1
red:65.25
blue:79.94531
green:79.94531
id:3
col:-11044438
