%YAML:1.0
Cameras:
   - Camera  0
Projectors:
   - Projector  0
Camera  0:
   imageWidth: 640
   imageHeight: 480
   responseGamma: 0.
   cameraMatrix: !!opencv-matrix
      rows: 3
      cols: 3
      dt: d
      data: [ 7.7605815976689871e+02, 0., 3.0305565454570257e+02, 0.,
          7.7541348574093854e+02, 2.4250490526258611e+02, 0., 0., 1. ]
   distortionCoeffs: !!opencv-matrix
      rows: 1
      cols: 4
      dt: d
      data: [ -1.0242314702479013e-01, 2.2271800846747877e-01,
          5.9156318818571691e-03, -1.6331571558102131e-03 ]
   extrParams: !!opencv-matrix
      rows: 20
      cols: 6
      dt: d
      data: [ 3.1243688513225809e-01, 2.5653776937589401e-01,
          1.0503636575989185e-02, -2.1177263388486722e+02,
          -1.2891257937297638e+02, 7.2197192202998610e+02,
          5.8694639016142625e-01, 2.7692469069900755e-01,
          -6.4695021358502261e-02, -1.9036937375185863e+02,
          -1.1853758633219427e+02, 7.4039288639987092e+02,
          5.7510937953536323e-01, 2.8338607707116609e-01,
          -7.6413786909702019e-02, -1.8629986119502541e+02,
          -1.0061448067926710e+02, 7.5218683209443941e+02,
          1.5480236205084713e-01, 2.6265385997240404e-01,
          1.7705167660001662e-02, -2.1389180604224373e+02,
          -1.0619689082006309e+02, 7.3257298369939031e+02,
          4.8982407519097931e-01, -5.4210564693630492e-01,
          1.5001304973361389e+00, 3.3555181800928970e+01,
          -1.2220977233915870e+02, 6.5590299147674295e+02,
          6.3392803649528207e-01, 1.1150686749483894e-01,
          4.1111327791223612e-01, -2.0182701932230202e+02,
          -1.7615596344382715e+02, 7.0153692478686924e+02,
          5.8874470850506255e-01, 2.6153189636684232e-01,
          -1.8008196340198821e-02, -1.9935316947014883e+02,
          -1.0884661297547269e+02, 7.5035063745214291e+02,
          2.3696965196677156e-01, 2.5858511188755168e-01,
          1.6210145777544645e-02, -2.0275962656796173e+02,
          -1.0460876717607681e+02, 7.3422818043875907e+02,
          1.8324894989661439e-01, 7.8253175089835625e-01,
          -1.8178917323321240e+00, 3.9320118574175943e+01,
          2.4252828177508502e+02, 9.4930646693975791e+02,
          4.4744847725330472e-01, 4.1792400919618494e-01,
          -1.9738872366041889e+00, 4.6344322405720199e+01,
          2.7282960285208799e+02, 7.9817430932410514e+02,
          -9.4042956624927329e-02, 6.8031503918192626e-01,
          -2.6233360436977646e+00, 1.4500750185734876e+02,
          2.4798980330356031e+02, 8.3366151163597669e+02,
          4.3213939074420032e-01, -6.4941669529585166e-01,
          3.0003924105078386e+00, 2.1717899790747160e+02,
          1.7179276778050587e+02, 7.4711493598700474e+02,
          -3.9762103062562920e-01, -3.3329072635006632e-02,
          -3.0762299855897024e+00, 1.9318794607667823e+02,
          2.0286985415101225e+02, 6.0130805264975106e+02,
          1.2915714321212896e-01, 7.2759400767133298e-01,
          -2.1629388764616970e+00, -2.7576394005093064e+01,
          2.5120311556371109e+02, 9.2473245639751667e+02,
          2.2764888294970834e-01, 7.4123331313435281e-01,
          -1.7730021913108331e+00, -9.5394311992220949e+01,
          2.1711711329308767e+02, 9.5691497067476064e+02,
          4.7347687068004754e-02, 7.7778297144687436e-01,
          -2.2880477968897432e+00, 1.7575044455603381e+02,
          2.9171860170287869e+02, 9.0542698198918754e+02,
          5.2136487298353151e-01, -7.7407379921276509e-01,
          2.6436027976752836e+00, 3.1037639767071079e+02,
          1.4021289473530405e+02, 7.7351884525730020e+02,
          -9.2497163802204074e-02, 3.3580013563472166e-01,
          -1.5527487325499549e+00, -7.3492395607740590e+01,
          2.6687273290947110e+02, 7.4427465075981888e+02,
          2.5210822449784875e-01, 5.3010099666831367e-01,
          -1.3236769573297209e+00, -2.9187252581079139e+02,
          1.6876652948754264e+02, 9.1191552370245188e+02,
          2.8452792166245705e-01, 6.5384271242273384e-01,
          -1.4396645859297670e+00, -1.4468443354254018e+02,
          1.8538234798054086e+02, 9.3849771486264547e+02 ]
   reprojErrs: !!opencv-matrix
      rows: 1
      cols: 20
      dt: d
      data: [ 1.5944074154045543e-01, 2.3335943225317765e-01,
          2.2236971883170017e-01, 1.7534990074018456e-01,
          2.0738692010081081e-01, 2.3756605812274378e-01,
          2.5212723979835838e-01, 1.1233609553333675e-01,
          2.2463508861317724e-01, 1.0020894826281848e-01,
          2.0386021968117077e-01, 2.2813239692366036e-01,
          2.1231542225543662e-01, 2.0455999237696448e-01,
          2.2624513926700951e-01, 2.4549921652259141e-01,
          3.0671516287514611e-01, 1.1671104967228071e-01,
          1.5369185708481337e-01, 2.7208074347230282e-01 ]
   avgReprojErr: 2.1552365161952119e-01
   maxReprojErr: 5.8653130641946949e-01
   R: !!opencv-matrix
      rows: 3
      cols: 3
      dt: d
      data: [ 1., 0., 0., 0., 1., 0., 0., 0., 1. ]
   T: !!opencv-matrix
      rows: 3
      cols: 1
      dt: d
      data: [ 0., 0., 0. ]
   E: !!opencv-matrix
      rows: 3
      cols: 3
      dt: d
      data: [ 0., 0., 0., 0., 0., 0., 0., 0., 0. ]
   F: !!opencv-matrix
      rows: 3
      cols: 3
      dt: d
      data: [ 0., 0., 0., 0., 0., 0., 0., 0., 0. ]
   avgEpipolarErr: 0.
   maxEpipolarErr: 0.
   colorOrder: BGR
   avgColorErr: 0.
   colorR2: 1.
Projector  0:
   imageWidth: 1280
   imageHeight: 800
   responseGamma: 2.2000000000000002e+00
   cameraMatrix: !!opencv-matrix
      rows: 3
      cols: 3
      dt: d
      data: [ 1.9690993202539869e+03, 0., 6.2326918211592044e+02, 0.,
          2.1865964870355733e+03, 8.2289123586485459e+02, 0., 0., 1. ]
   distortionCoeffs: !!opencv-matrix
      rows: 1
      cols: 4
      dt: d
      data: [ 1.0665967682117995e-01, -3.7510915746489037e-01,
          -3.0172293389908573e-03, -2.9146985002223755e-03 ]
   extrParams: !!opencv-matrix
      rows: 20
      cols: 6
      dt: d
      data: [ 5.7996685167575023e-04, 2.8453563185091752e-02,
          -3.1136619543392094e+00, 2.0403717010799198e+02,
          2.9036907968147329e+01, 7.0583175146677070e+02,
          -2.9888908871427342e-02, 4.0063399672317901e-01,
          3.1024376169583512e+00, 1.8806198739390959e+02,
          1.1243565568300628e+01, 7.2582991258453035e+02,
          -3.8708117968884063e-02, 3.8382510720872104e-01,
          3.0905333953375087e+00, 1.8689743670675045e+02,
          -9.8065090658432901e+00, 7.3225973538910409e+02,
          5.7133183179747353e-03, 2.8547297170117431e-01,
          -3.1126828168536567e+00, 2.0855625207789134e+02,
          4.0578419014211757e+00, 7.0823803707894194e+02,
          -4.6048610089711645e-01, -4.1215566799432911e-02,
          -1.4429556882560552e+00, -5.0439495986083202e+01,
          2.7938771673168382e+01, 7.0571632081486962e+02,
          -8.0798230507983904e-02, -3.3491887490896255e-01,
          -2.6398470034778398e+00, 1.9029588477920788e+02,
          7.8969707749768489e+01, 7.0744584905222575e+02,
          1.9947000325946401e-02, -3.9401825475077051e-01,
          -3.0819922366565020e+00, 1.9911518969256971e+02,
          -4.6512198624285639e-01, 7.2951353651978297e+02,
          5.6336209621011121e-03, 1.5980221835452163e-01,
          -3.1130149837546295e+00, 1.9831496447049608e+02,
          1.0226180458559082e+00, 7.1305954142331962e+02,
          -2.7456395750782048e-01, 1.6842156680442413e-01,
          1.2854260091004310e+00, 1.1037328952895582e+01,
          -4.1176419041416017e+02, 8.5666923853969865e+02,
          6.5052146452422396e-02, 4.2495534568898036e-01,
          1.2062379518434274e+00, -3.4617069892691497e+01,
          -3.9216449048248177e+02, 7.0953355920240324e+02,
          -1.1284668950641262e-01, 1.0215822370197816e-01,
          4.9616693313830557e-01, -1.1998330658457247e+02,
          -3.8627144351518990e+02, 7.7489472464798177e+02,
          -9.0656530673930827e-02, -2.1344921646203600e-02,
