%YAML:1.0
Projectors:
   - Projector  0
Projector  0:
   imageWidth: 1280
   imageHeight: 800
   responseGamma: 2.2000000000000002e+00
   cameraMatrix: !!opencv-matrix
      rows: 3
      cols: 3
      dt: d
      data: [1080.0, 0.0, 640.0,
             0.0, 1080.0, 0.0,
             0.0, 0.0, 1.0 ]
