hue:35.89553
sat:111.97927
intens:31.03125
erosion:1
red:33.117188
blue:88.3125
green:88.3125
id:0
col:-4830878
