%YAML:1.0
Cameras:
   - Camera  0
Projectors:
   []
Camera  0:
   imageWidth: 1920
   imageHeight: 1080
   responseGamma: 0.
   cameraMatrix: !!opencv-matrix
      rows: 3
      cols: 3
      dt: d
      data: [ 1.0760607921228468e+03, 0., 9.6775859599809280e+02, 0.,
          1.0753089747327920e+03, 5.4659904219426517e+02, 0., 0., 1. ]
   distortionCoeffs: !!opencv-matrix
      rows: 1
      cols: 4
      dt: d
      data: [ 3.5709028650601354e-02, -1.9391399978445693e-02,
          -3.3178076839560864e-04, -9.4900576638394453e-05 ]
   extrParams: !!opencv-matrix
      rows: 20
      cols: 6
      dt: d
      data: [ -3.9464905164028938e-02, -1.2566672228012205e-01,
          1.1372452442169908e-02, -4.0090743042213012e+02,
          -3.3511658430976314e+02, 7.7684158186891773e+02,
          3.8209500176356180e-02, -2.0418669107162210e-01,
          1.3563461644706026e-01, -3.3289766035179349e+02,
          -3.2508166192363677e+02, 7.3340236126530738e+02,
          3.6472156895733215e-02, -1.6898470819011502e-01,
          7.7745857694445897e-04, -3.2303088113287868e+02,
          -1.6239257195123764e+02, 4.2487309943292598e+02,
          -1.1131308576803969e-01, 1.9995070674463024e-02,
          2.3105285066216206e-02, -2.1538201902723279e+02,
          -9.5773435593873529e+01, 4.2611163666454240e+02,
          6.6326624362380474e-02, 6.9988481079949153e-03,
          -2.2658094139633066e-02, -2.3935135991968610e+02,
          -2.2201719548807236e+02, 4.7135877348148534e+02,
          3.0500505719248779e-02, -1.0609080783185632e-01,
          -2.6185083194259141e-02, -3.4835093570050981e+02,
          -2.5675172692559738e+02, 6.8165429267310390e+02,
          5.4647872652833697e-02, 9.0530945475515642e-02,
          -8.7955814769980177e-03, -1.2557082885713508e+02,
          -2.4812559630294950e+02, 5.8133042203158561e+02,
          5.8998375295260856e-02, -7.5847327272384790e-01,
          2.0374681767544024e-02, -3.1712847144682888e+02,
          -2.2945890709963842e+02, 4.0578717687028626e+02,
          6.2004605123753076e-01, -1.0090040907627779e-01,
          9.4775910387817162e-03, -2.7870627657677102e+02,
          -2.0056347060760976e+02, 4.1517331569789962e+02,
          7.6079845845632918e-02, -1.5762529472941580e-01,
          1.3293176217973774e+00, 7.5180138882916040e+01,
          -3.2041547469845227e+02, 6.9796353858712939e+02,
          1.9662719835789236e-01, -2.0968762636823235e-02,
          1.5493164211719905e+00, -2.6981955103102990e+02,
          -3.4657159607791425e+02, 6.3642292397757785e+02,
          1.8799619058933961e-01, -8.8777194998592740e-02,
          1.4141968276741597e+00, 4.2460684173919255e+01,
          -2.6697175445335853e+02, 6.4727969863444787e+02,
          3.5617835966276418e-01, 1.4462581611377104e-01,
          1.3476290437514145e+00, 3.4738167081756529e+02,
          -3.0619693269098292e+02, 4.8834092057127026e+02,
          -1.9414862455354626e-01, -3.8892243704758472e-01,
          1.2237442330452530e+00, 2.3812029131869170e+02,
          -3.0983073455994997e+02, 5.9326592426546108e+02,
          -1.4871236099375423e-01, 2.8131756921426231e-02,
          -6.8052346223022572e-02, -3.0064261579617579e+02,
          -1.9199801921852850e+02, 7.4411279091880272e+02,
          3.9480790723676155e-02, 1.1039507401091531e-01,
          -8.1019172384514074e-02, -2.6040371363484621e+02,
          -2.3480003720730417e+02, 5.3523291060733095e+02,
          8.9676095651670160e-02, 1.8256193638129914e-02,
          -6.4332586877369424e-02, -3.6483706258380295e+02,
          -2.5490596525237279e+02, 9.2242056580746907e+02,
          6.4893239958570950e-02, -8.0940421436427920e-02,
          -4.8855213497285228e-02, -7.4180001128391052e+02,
          -2.5740074563720333e+02, 8.9246184117430380e+02,
          -1.2212488438088883e-02, -1.2950926820873684e-01,
          -6.9553349555930177e-02, -5.7650011515278879e+02,
          6.6578151177866530e+01, 8.3439140339168841e+02,
          -2.2719237634925216e-02, -3.7775681096086301e-03,
          -1.3913878045514730e-01, -9.8587271095938064e+01,
          1.3200191768916804e+02, 8.2246160084170970e+02 ]
   reprojErrs: !!opencv-matrix
      rows: 1
      cols: 20
      dt: d
      data: [ 4.3552970402823910e-01, 5.7312683145715571e-01,
          9.6474342909651123e-01, 1.0315916125951508e+00,
          9.7760217078673184e-01, 4.6645350105818084e-01,
          6.5735891632751353e-01, 9.3244650234638171e-01,
          2.4752068981361197e+00, 6.0938057317715555e-01,
          1.3451696380075575e+00, 7.0597282995918764e-01,
          7.8274175149716041e-01, 1.9850354300571875e+00,
          5.0277710648624951e-01, 1.0499998355035491e+00,
          4.8449195050926974e-01, 1.0504995700383863e+00,
          7.2550084618221711e-01, 6.1785492534473552e-01 ]
   avgReprojErr: 1.0363626944618858e+00
   maxReprojErr: 5.0941228616351628e+00
   avgEpipolarErr: 0.
   maxEpipolarErr: 0.
   colorOrder: BGR
   avgColorErr: 0.
   colorR2: 1.
