%YAML:1.0
Cameras:
   - Camera  0
Projectors:
   []
Camera  0:
   imageWidth: 800
   imageHeight: 448
   responseGamma: 0.
   cameraMatrix: !!opencv-matrix
      rows: 3
      cols: 3
      dt: d
      data: [ 6.8284794080938866e+02, 0., 4.1176326366737243e+02, 0.,
          6.7868171463296744e+02, 2.1791508412059622e+02, 0., 0., 1. ]
   distortionCoeffs: !!opencv-matrix
      rows: 1
      cols: 4
      dt: d
      data: [ -2.9891881212457344e-04, -1.2449342988787802e-01,
          6.2916634089858724e-03, -1.3174810625092210e-03 ]
   extrParams: !!opencv-matrix
      rows: 20
      cols: 6
      dt: d
      data: [ 1.2372321423287753e-01, 7.8271120264356608e-01,
          -3.0199376824082926e+00, 2.1661194289167702e+02,
          1.8563857578791203e+02, 8.9581295839692609e+02,
          1.6351416437382382e-01, 7.3986252679320452e-01,
          -2.9824403440162670e+00, 1.8605753730737908e+02,
          2.8012000968525314e+02, 9.6836667159183105e+02,
          -7.0028619814096749e-03, -3.9162088805105399e-01,
          3.0729854376483487e+00, 2.7430743982839306e+02,
          1.1396585479160726e+02, 7.2432849187279862e+02,
          3.1111075086637605e-02, -4.0065734535472763e-01,
          3.0262273561406952e+00, 3.2389469157569494e+02,
          2.3247418985879168e+02, 8.3368846241062238e+02,
          1.0244619113272131e-01, -6.3564657323199547e-01,
          3.0626873286689467e+00, 2.6806440359463636e+02,
          7.6688866125601805e+01, 5.4599307122221092e+02,
          1.4513983153707224e-01, 1.2232032733685187e-01,
          -1.6724931930629876e+00, -1.8836383378875833e+01,
          2.5293880437088424e+02, 6.3852330961213340e+02,
          3.8185011996601032e-01, 2.3838539953498404e-02,
          -1.6188204943121962e+00, -2.8776692986389077e+02,
          2.2625418600098024e+02, 5.5866961786857291e+02,
          -7.7436447537349677e-03, 6.3216713988423723e-01,
          -1.4377796125392721e+00, 5.1717678917810712e+00,
          1.7340273899566665e+02, 6.9562572715799422e+02,
          1.1238215287104596e-01, 8.0145930778302954e-01,
          -2.8954320287958022e+00, 2.0869684187677748e+02,
          2.9305119522275874e+02, 9.9099710113979563e+02,
          7.1774778548923363e-02, 1.0844776586387290e+00,
          -2.8907961842866454e+00, 2.3317164622609175e+02,
          1.5333539818683980e+02, 9.5231625817929500e+02,
          5.2624419717720944e-02, 1.0926932881157443e+00,
          -2.9225706742775208e+00, 2.4363005827162499e+02,
          2.4740733164914835e+02, 1.0327314022595633e+03,
          -1.0104578430604791e-02, -1.0907295555953895e+00,
          2.8870718514418545e+00, 2.8182379363564576e+02,
          2.1068886296811082e+00, 8.2272821969496772e+02,
          -2.5367040129061932e-02, -1.0994867316257486e+00,
          2.9148219806343389e+00, 2.6044407400870347e+02,
          -9.3857618322787069e+00, 8.1206668935988637e+02,
          -6.5992818673273446e-01, -1.1158651440713168e+00,
          2.8576910786650869e+00, 2.4106494440366646e+01,
          -2.4679535021224282e+01, 7.8498253755905250e+02,
          5.4938080210045270e-01, 1.1087982210224523e+00,
          -2.8623532881320424e+00, 6.5406091393077475e+01,
          -5.4897299163157589e+00, 8.0376179782618465e+02,
          -3.5900180738780668e-01, -7.4960259543169860e-01,
          2.7460528098583512e+00, 2.5314022634278180e+02,
          8.6948184824098107e+01, 8.1678922191071899e+02,
          -7.4053029643707280e-01, 6.7858824724272526e-01,
          -2.3569242615551578e+00, 1.4947693875034003e+02,
          2.1287687186785348e+02, 5.8957252291742020e+02,
          1.0695399149980418e+00, -1.0319323571315139e-01,
          1.4076252164060297e+00, 2.4515996551113150e+02,
          -1.2695556899452620e+02, 4.5163097533566662e+02,
          -4.5402578788801107e-02, -2.2106408978375089e-01,
          3.1296947835749616e+00, 2.4814441732152417e+02,
          2.4432179733732872e+02, 7.7811351778882931e+02,
          2.7629424887191230e-02, -7.6968974894124664e-01,
          2.9892067985304838e+00, 2.5117303546029459e+02,
          5.9517288267772344e+01, 5.9298455484004410e+02 ]
   reprojErrs: !!opencv-matrix
      rows: 1
      cols: 20
      dt: d
      data: [ 2.8344902731355009e-01, 2.9424519972290830e-01,
          2.7510042215133867e-01, 2.7110142863656228e-01,
          2.3431134884665250e-01, 2.5713364208792411e-01,
          2.0630428890683863e-01, 2.0260875589419056e-01,
          2.7963182523554364e-01, 3.0413517763066983e-01,
          3.5801833985070169e-01, 2.9332164531667482e-01,
          2.7293350896846558e-01, 1.8236733959899995e-01,
          2.7996093577914943e-01, 2.9486131467977694e-01,
          2.6878056026451336e-01, 4.3730070622954043e-01,
          2.5260709981136104e-01, 2.0649148641490195e-01 ]
   avgReprojErr: 2.7925225074791171e-01
   maxReprojErr: 1.1160585323854197e+00
   avgEpipolarErr: 0.
   maxEpipolarErr: 0.
   colorOrder: BGR
   avgColorErr: 0.
   colorR2: 1.
