%YAML:1.0
Cameras:
   - Camera  0
Projectors:
   - Projector  0
Camera  0:
   imageWidth: 1280
   imageHeight: 1024
   responseGamma: 0.
   cameraMatrix: !!opencv-matrix
      rows: 3
      cols: 3
      dt: d
      data: [ 7.8068184208182504e+02, 0., 3.0101232510450694e+02, 0.,
          7.8038312438900095e+02, 2.4985122548550586e+02, 0., 0., 1. ]
   distortionCoeffs: !!opencv-matrix
      rows: 1
      cols: 4
      dt: d
      data: [ -1.0684199315050295e-01, 2.2369550539861927e-01,
          7.3832305544728688e-03, -1.3836278987100783e-03 ]
   extrParams: !!opencv-matrix
      rows: 20
      cols: 6
      dt: d
      data: [ 6.3543326873294559e-01, 3.4399151562356650e-01,
          -5.0019891343060660e-02, -2.0049899015970786e+02,
          -1.1442451235789787e+02, 8.1808860463189501e+02,
          6.2778914594282142e-01, 3.5805267085741482e-01,
          -8.6884250898948689e-02, -2.2176882651382491e+02,
          -1.4907594934465331e+02, 7.9965627230961968e+02,
          2.0952421010089345e-01, 3.4053679869745207e-01,
          1.6228962050199879e-02, -2.3340069405582008e+02,
          -1.3230532472534151e+02, 7.9117829946660390e+02,
          5.2739143458497428e-01, -4.9332929110036577e-01,
          1.4517858282538909e+00, -1.3381690913215911e+01,
          -1.6474953947811426e+02, 6.8433191263196397e+02,
          6.6766794378852756e-01, -3.5206970522189235e-01,
          1.4856057396008855e+00, -6.8572370316693121e+00,
          -1.6302546794967651e+02, 6.9343381581964945e+02,
          6.8643839745999358e-01, 1.3972121478273775e-01,
          5.1521978682039471e-01, -2.1695300260324092e+02,
          -1.4857713075406107e+02, 7.9467222021612690e+02,
          2.5327819356464315e-01, 3.4613232172561637e-01,
          -6.8863414820580070e-03, -1.3442407712215854e+02,
          -1.1528691110989919e+02, 7.6600283509990220e+02,
          3.6309228054744180e-01, 3.6275126222320081e-01,
          -4.7160865797944429e-02, -2.0408294767521903e+02,
          -5.7719517699063765e+01, 8.4760852890315016e+02,
          5.2599466138849882e-01, -5.9326481691025990e-01,
          1.5720115989362178e+00, -5.8259484370782832e+00,
          -1.3765925088056457e+02, 6.9960859494244846e+02,
          5.4366129513265404e-01, -9.4451938479909492e-01,
          2.8493294841016024e+00, 1.9628558957699883e+02,
          1.0644024536097622e+02, 8.3193458990008969e+02,
          -2.6046405015108615e-01, 9.6287520170052443e-01,
          -2.5523962009052985e+00, 2.2391026219956277e+02,
          1.6912559871149980e+02, 8.6999780596496555e+02,
          1.8078119561724440e-01, 8.0685499363222812e-01,
          -1.6593914164987742e+00, 2.4366808759419911e+01,
          1.8699377399197846e+02, 9.6619478661588960e+02,
          4.1144887809245363e-02, 3.9348628929339058e-01,
          -1.3342348886879096e+00, -1.8179127004294270e+02,
          1.9800877824967148e+02, 8.3649113116840329e+02,
          -4.9681258918030946e-01, 8.6998746392355153e-01,
          -2.4264073518458948e+00, 1.2311402158792501e+02,
          2.2926057752130836e+02, 8.3338323132359471e+02,
          5.5242251247605079e-01, -4.5360124633963644e-01,
          3.0471440004714059e+00, 1.9962418955949101e+02,
          1.6085510524469674e+02, 7.1620798937784400e+02,
          5.4564837175735514e-01, -8.9285695802496623e-01,
          2.8802242284499724e+00, 2.2957867658081466e+02,
          8.2181768016262978e+01, 7.7884936013685899e+02,
          6.7730207964969102e-01, -6.5335385549729230e-01,
          2.3346621873866145e+00, 2.7028189503741248e+02,
          7.4138802926380243e-01, 7.1983696716073564e+02,
          5.9477732078080148e-01, -2.0869458691061288e-01,
          1.7358217620114045e+00, 1.9913487286005684e+02,
          -1.1375636176558358e+02, 6.5375110405877638e+02,
          7.6727890974011070e-01, -2.6186178393849752e-01,
          1.5300018822002879e+00, 8.0471792254021395e+01,
          -1.5052551223125633e+02, 6.7435915848141610e+02,
          6.9355471124986978e-01, 2.1864566108116143e-01,
          3.1597043843027400e-01, -1.2043166203384392e+02,
          -1.6847779462578026e+02, 7.4131882188403790e+02 ]
   reprojErrs: !!opencv-matrix
      rows: 1
      cols: 20
      dt: d
      data: [ 3.1469947236093582e-01, 2.8316575530360610e-01,
          1.9812406665314208e-01, 1.9397865090284236e-01,
          2.5165664846483832e-01, 1.8271750735826037e-01,
          1.3913239827250887e-01, 1.3156185175093404e-01,
          1.7196007089080306e-01, 3.7805966622652432e-01,
          2.1490090491357991e-01, 2.0905597923501457e-01,
          1.4137986992140525e-01, 2.8355518433839622e-01,
          2.1557066998781715e-01, 3.3360824514882664e-01,
          3.6813557535791269e-01, 1.4387597368914579e-01,
          3.4071987613725679e-01, 1.9636717259241857e-01 ]
   avgReprojErr: 2.5129510556943763e-01
   maxReprojErr: 8.3055442286171766e-01
   R: !!opencv-matrix
      rows: 3
      cols: 3
      dt: d
      data: [ 1., 0., 0., 0., 1., 0., 0., 0., 1. ]
   T: !!opencv-matrix
      rows: 3
      cols: 1
      dt: d
      data: [ 0., 0., 0. ]
   E: !!opencv-matrix
      rows: 3
      cols: 3
      dt: d
      data: [ 0., 0., 0., 0., 0., 0., 0., 0., 0. ]
   F: !!opencv-matrix
      rows: 3
      cols: 3
      dt: d
      data: [ 0., 0., 0., 0., 0., 0., 0., 0., 0. ]
   avgEpipolarErr: 0.
   maxEpipolarErr: 0.
   colorOrder: BGR
   avgColorErr: 0.
   colorR2: 1.
Projector  0:
   imageWidth: 1280
   imageHeight: 800
   responseGamma: 2.2000000000000002e+00
   cameraMatrix: !!opencv-matrix
      rows: 3
      cols: 3
      dt: d
      data: [ 1.9922661558358025e+03, 0., 6.4017305545175770e+02, 0.,
          1.9928325489734555e+03, 7.5929974329031791e+02, 0., 0., 1. ]
   distortionCoeffs: !!opencv-matrix
      rows: 1
      cols: 4
      dt: d
      data: [ 2.5584162813327604e-02, -1.3101969605268879e-01,
          -1.1628219963448338e-03, -1.8170220800621899e-03 ]
   extrParams: !!opencv-matrix
      rows: 20
      cols: 6
      dt: d
      data: [ 1.7310160245776379e-01, -4.5906085147757608e-01,
          -3.0707538998201707e+00, 1.6374806788013936e+02,
          -1.3819203910733936e+01, 7.7933542146913817e+02,
          1.9064944672373993e-01, -4.5655675763039555e-01,
          -3.1088898745923688e+00, 1.7907699391213421e+02,
          2.7230949790166658e+01, 7.6979665854662812e+02,
          1.5006038663488661e-01, 2.3204935981453503e-01,
          -3.0820024748596300e+00, 1.8878787259904479e+02,
          1.4497986985186360e+01, 7.5463130130155616e+02,
          -4.1243862243011981e-01, -9.1066011093449514e-02,
          -1.4681048997715713e+00, -5.2360378093430626e+01,
          5.6854571010272409e+01, 7.1790822370767808e+02,
          -2.5772031691571307e-01, -2.2320024871381319e-01,
          -1.4677272548737157e+00, -5.6254994088014300e+01,
          5.1467508104793062e+01, 7.2828998347532820e+02,
          1.7478438936778844e-02, -3.7721595125052398e-01,
          -2.4982534019750142e+00, 1.7344898800465353e+02,
          2.7218401547341173e+01, 7.6624796194970736e+02,
          1.5839204571041651e-01, 1.5345554479228007e-01,
          -3.1046570830019067e+00, 8.7142946021837218e+01,
          -3.4168171817344568e+00, 7.4812024877465694e+02,
          1.8706562837949892e-01, -3.5184946839144061e-02,
          -3.1360810369759524e+00, 1.7616308519286270e+02,
          -7.6250818097616218e+01, 7.8741696680939538e+02,
          -4.6184461501733215e-01, -9.2459689628362554e-02,
          -1.3188665918049485e+00, -5.4701849903439197e+01,
          2.5543182235687937e+01, 7.2518197414418387e+02,
          -2.9578683551982865e-01, -1.2663078305744410e-01,
          -1.3888806352112655e-02, -2.1186498091865539e+02,
          -2.6717460029083554e+02, 8.0948105862850082e+02,
          -3.1598189395024284e-01, -5.0778868083869812e-02,
          5.1017757467574276e-01, -2.2749294308574275e+02,
          -3.4175820988540426e+02, 8.3011993163056195e+02,
