%YAML:1.0
Cameras:
   - Camera  0
Projectors:
   - Projector  0
Camera  0:
   imageWidth: 1920
   imageHeight: 1080
   responseGamma: 0.
   cameraMatrix: !!opencv-matrix
      rows: 3
      cols: 3
      dt: d
      data: [ 1.0464389855070169e+03, 0., 9.6784390165158209e+02, 0.,
          1.0478971785849565e+03, 5.4535344923618368e+02, 0., 0., 1. ]
   distortionCoeffs: !!opencv-matrix
      rows: 1
      cols: 4
      dt: d
      data: [ 3.2308906373354485e-02, -3.2478101986582408e-02,
          -1.5072787904542755e-03, 5.9342900020603118e-04 ]
   extrParams: !!opencv-matrix
      rows: 20
      cols: 6
      dt: d
      data: [ -2.0613727989237540e-01, -1.1866190003857480e-01,
          -8.0357145681635891e-02, -4.0973851261208273e+02,
          -1.2415863519622108e+02, 5.6586804921304065e+02,
          -3.2880929889394234e-01, -4.9188439751028634e-01,
          -3.1713086958190445e-02, -4.1617514735709295e+02,
          -1.1601478387176601e+02, 5.0449713595581397e+02,
          -6.2132735355529511e-01, 7.4533458254870150e-02,
          -5.9971713924775613e-02, -3.4521845407258678e+02,
          -8.3672333370169625e+01, 6.6538239750520688e+02,
          -3.2236604240971134e-01, 2.1261936907552559e-01,
          -9.6667375891281188e-02, -2.6098177934235008e+02,
          -1.0107546593874673e+02, 7.1587655277601414e+02,
          -5.6788804622629085e-01, -6.6677413922720849e-02,
          -6.2443950414183901e-02, -4.1065375738321859e+02,
          -2.7379411518881671e+01, 6.2918510809724944e+02,
          2.5613692760443640e-01, -1.5098756026798574e-01,
          -4.7515531020672422e-02, -3.9842304453159585e+02,
          -1.5526257342158380e+02, 5.3319360598773744e+02,
          -1.4263517542679316e-01, -6.7617365221897907e-01,
          -3.8336906221077494e-04, -4.9878914923652462e+02,
          -5.1081665851879194e+01, 5.7893574053344105e+02,
          -2.8308631496116177e-02, 3.3737514832107179e-01,
          -5.7927632478720764e-02, -2.1078699336275267e+02,
          -8.1778351070957868e+01, 6.7745622730785658e+02,
          3.8344496371933423e-01, -9.7542557448802594e-02,
          -7.2060136770767086e-02, -3.5172236368521681e+02,
          -8.6896746907070323e+01, 4.6127688335340650e+02,
          -7.8537643867035134e-01, -3.9258626483353161e-02,
          -1.3265020172759173e-01, -3.8662401199314758e+02,
          -3.3374177089479922e+01, 6.1714960063047317e+02,
          -1.3712919922694372e-01, -9.8956242453618268e-03,
          -1.5725249851609097e-01, -3.8639235327344693e+02,
          -9.8068306484903445e+01, 5.8994397101465711e+02,
          4.2533193609634334e-01, -2.2045960303726488e-02,
          -2.5300058218216526e+00, -5.9384895453084056e+01,
          2.3153044981330504e+02, 5.8728482169263771e+02,
          -3.5664641686776945e-02, -2.7589995459236755e-01,
          -2.6085375607913175e+00, 7.6971066849266245e+00,
          2.4883545404599136e+02, 5.7976201035656209e+02,
          1.6465208247111893e-01, -4.9166874083533818e-01,
          -1.6183416118912937e+00, -1.2677176516684804e+02,
          1.7700901814540154e+02, 5.2694636214237437e+02,
          3.7285869895220819e-01, -7.8328853375177654e-01,
          -1.5508295920049806e+00, -3.6205516892071319e+02,
          1.8802268572837497e+02, 4.5699648985250258e+02,
          -4.0348112820866722e-01, 5.7749323352480875e-01,
          -1.6145796599062323e+00, -5.4994101624760212e+01,
          1.8882927035235556e+02, 6.8969887289723988e+02,
          2.6834318224464437e-01, 1.4219915836212085e-01,
          -1.0582431767116940e-01, -3.7389911085065626e+02,
          -1.7984372645418799e+02, 5.7654165029899355e+02,
          -3.1892009915956654e-01, 9.2789998827945211e-02,
          -1.7216710193829254e-01, -3.9054531543682839e+02,
          -8.8335054593081352e+01, 6.6674866570770519e+02,
          1.2071969368205257e-01, -4.9960447341816111e-01,
          -2.0504511586994619e-02, -4.9202296890221862e+02,
          -1.3637572935031730e+02, 4.9080614083885956e+02,
          -5.3933058971598491e-01, -5.0420154595373001e-01,
          -1.0721370710046253e-01, -5.2832242626459526e+02,
          -2.7099762956042291e+01, 5.7242507408034430e+02 ]
   reprojErrs: !!opencv-matrix
      rows: 1
      cols: 20
      dt: d
      data: [ 2.0147035385969431e-01, 1.7778355544644048e-01,
          2.9321499219485897e-01, 1.6308975643552068e-01,
          1.7696306446805640e-01, 2.5568911496711672e-01,
          2.5666291532315483e-01, 3.3503876468707033e-01,
          4.5154219930670098e-01, 4.1899601645072548e-01,
          2.7243256019494250e-01, 2.8148137973778503e-01,
          1.5009416204397896e-01, 2.4749376707234153e-01,
          2.3511556143264700e-01, 3.3634005210022211e-01,
          2.4604043413779417e-01, 2.8272059184409248e-01,
          1.6065235466734099e-01, 1.6954343498552649e-01 ]
   avgReprojErr: 2.7070480835383032e-01
   maxReprojErr: 1.0442310625535105e+00
   R: !!opencv-matrix
      rows: 3
      cols: 3
      dt: d
      data: [ 1., 0., 0., 0., 1., 0., 0., 0., 1. ]
   T: !!opencv-matrix
      rows: 3
      cols: 1
      dt: d
      data: [ 0., 0., 0. ]
   E: !!opencv-matrix
      rows: 3
      cols: 3
      dt: d
      data: [ 0., 0., 0., 0., 0., 0., 0., 0., 0. ]
   F: !!opencv-matrix
      rows: 3
      cols: 3
      dt: d
      data: [ 0., 0., 0., 0., 0., 0., 0., 0., 0. ]
   avgEpipolarErr: 0.
   maxEpipolarErr: 0.
   colorOrder: BGR
   avgColorErr: 0.
   colorR2: 1.
Projector  0:
   imageWidth: 1280
   imageHeight: 800
   responseGamma: 2.2000000000000002e+00
   cameraMatrix: !!opencv-matrix
      rows: 3
      cols: 3
      dt: d
      data: [ 1.2041865557031344e+03, 0., 6.7153231230126585e+02, 0.,
          1.2039776302218211e+03, 7.8233768864686351e+02, 0., 0., 1. ]
   distortionCoeffs: !!opencv-matrix
      rows: 1
      cols: 4
      dt: d
      data: [ -6.0722043380523970e-02, 2.9228689634170090e-02,
          -7.6952110695284665e-04, -1.8858030448776007e-03 ]
   extrParams: !!opencv-matrix
      rows: 20
      cols: 6
      dt: d
      data: [ -3.1938122306163809e-02, -1.0641020268603614e-01,
          -3.3946442922545922e-02, -2.6253337265611844e+02,
          -3.0757195617252580e+02, 5.3517530721334742e+02,
          -1.4852555989008584e-01, -4.8398508007470209e-01,
          -1.8394093188153337e-02, -2.7038136580372367e+02,
          -2.8955111552486409e+02, 4.7653839752034980e+02,
          -4.5170369021377660e-01, 7.1856098397219390e-02,
          3.5002315475128462e-03, -1.9886621345920562e+02,
          -2.8113505622951743e+02, 6.4010246709552632e+02,
          -1.6003833164459422e-01, 2.2379374683389494e-01,
          -2.1362952658946766e-02, -1.1291781744219149e+02,
          -3.0179825138612222e+02, 6.8669998785696782e+02,
          -3.9196998885224221e-01, -6.5215839802694478e-02,
          -1.0690337766972136e-02, -2.6769276372426134e+02,
          -2.2311297832127346e+02, 6.1374455211914517e+02,
          4.3120249441757175e-01, -1.2855811037663828e-01,
          -6.5198362136900546e-03, -2.5009217975059747e+02,
          -3.3204621300775432e+02, 4.9801918920863824e+02,
          4.0454746287092246e-02, -6.6516899006621610e-01,
          -4.3437638146611949e-03, -3.5544888305154177e+02,
          -2.4268118508900974e+02, 5.6094088862184265e+02,
          1.2973773062660288e-01, 3.5310877084731407e-01,
          2.6108934283272968e-02, -6.4384043257979684e+01,
          -2.7369251657626927e+02, 6.5207143941439301e+02,
          5.5555160415510707e-01, -7.3285751808937788e-02,
          -2.7909504053059656e-02, -2.0803539813156962e+02,
          -2.4989459368608635e+02, 4.3836521072260109e+02,
          -6.1316880364616400e-01, -3.9050764329812020e-02,
          -7.8279691691852935e-02, -2.4367070732131131e+02,
          -2.2575906601020759e+02, 6.0154396809947104e+02,
          3.2403724209364042e-02, 1.1787106036132516e-02,
          -1.0158871583293239e-01, -2.4036614571217950e+02,
          -2.8463480792468812e+02, 5.6375433165123252e+02,
