%YAML:1.0
Cameras:
   - Camera  0
Projectors:
   - Projector  0
Camera  0:
   imageWidth: 640
   imageHeight: 480
   responseGamma: 0.
   cameraMatrix: !!opencv-matrix
      rows: 3
      cols: 3
      dt: d
      data: [ 7.9561998893614077e+02, 0., 2.9710722979883991e+02, 0.,
          7.9549118814225983e+02, 2.1753900579846734e+02, 0., 0., 1. ]
   distortionCoeffs: !!opencv-matrix
      rows: 1
      cols: 4
      dt: d
      data: [ -7.1694591136077498e-02, -1.1402342534954171e-01,
          -9.9622123017634569e-04, -3.3929674669166089e-03 ]
   extrParams: !!opencv-matrix
      rows: 14
      cols: 6
      dt: d
      data: [ -1.3319725024652432e-01, 3.3317883614249655e-01,
          1.9320826829942832e+00, 1.3731603143395321e+02,
          -2.6387090419170187e+02, 1.1531627017738258e+03,
          -9.9466008264115613e-02, -3.9901703815768730e-01,
          -3.1000061464493402e+00, 1.9107650812864932e+02,
          1.5778128682597718e+01, 1.0668545221173529e+03,
          -2.8557541331684994e-01, -1.8388369065160973e-01,
          -1.9413726491899377e+00, 1.2535758175307647e+02,
          2.0154406659270381e+02, 1.0156201184661493e+03,
          -3.0575485308802203e-01, -1.3983359049283220e-01,
          -1.5475877862756773e+00, 5.9280204055174217e+01,
          1.7019022777853712e+02, 1.0304518881734652e+03,
          -2.0834668803475004e-01, 2.4506362968314693e-01,
          1.5424710691349774e+00, 5.9213566252903853e+01,
          -2.5145718572584539e+02, 1.1503174132187910e+03,
          -2.7759162495103873e-01, 7.2159214265905380e-02,
          3.4052806837908074e-02, -1.4080819486074716e+02,
          -1.0103759074662551e+02, 1.1231327395547833e+03,
          1.0357429323068885e-01, 9.9789089953645896e-02,
          9.3523507639300771e-02, -1.2971466545870524e+02,
          -2.0531639263181361e+02, 1.0189415272965298e+03,
          2.7431071860787016e-02, 4.4219897626313043e-01,
          1.3513261033197699e+00, 2.6132579618441912e+02,
          -2.7180116490983613e+02, 1.0536123857814957e+03,
          2.3009102567252954e-01, 8.5869281034838346e-02,
          3.9383228926117821e-02, -1.4178418655904863e+02,
          -1.9285851197496672e+02, 9.7442311858244159e+02,
          -2.4102934538132653e-01, -1.8184434173274833e-01,
          -1.4818195808469130e+00, -2.2644301278098888e+02,
          1.6208766577548764e+02, 1.0405134256450021e+03,
          -3.4180384761244431e-01, -1.1053338129478983e-01,
          -1.5928280920263098e+00, -2.5132134307601646e+02,
          1.9082792925461098e+02, 1.0386254362235468e+03,
          8.3486517125121701e-02, 2.0246899182354874e-01,
          -1.5392861203645722e+00, -1.2130386372171471e+02,
          1.7229032765254843e+02, 1.0376727085307721e+03,
          -8.6729485562513170e-02, 1.5427100799992741e-01,
          -1.2635171777346494e+00, 5.1746686821540910e+00,
          1.1239357416174532e+02, 1.0505488139188737e+03,
          -2.7864421439519510e-01, 2.3956054282582220e-01,
          -9.6237145653315273e-02, -7.6842855329764717e+01,
          -1.6167835210264738e+02, 1.1355745499285333e+03 ]
   reprojErrs: !!opencv-matrix
      rows: 1
      cols: 14
      dt: d
      data: [ 5.1326442294933050e-01, 4.7310230609134324e-01,
          3.9465949401352635e-01, 3.4713942894704064e-01,
          4.2043634246367811e-01, 4.6960877735335810e-01,
          4.1078505109020569e-01, 4.5284261450659780e-01,
          4.3175864291237431e-01, 4.8799912108711618e-01,
          4.4251436266774707e-01, 3.8213326096760453e-01,
          3.2356050114590740e-01, 5.0029755395212294e-01 ]
   avgReprojErr: 4.3855223646401659e-01
   maxReprojErr: 9.3181498026123555e-01
   R: !!opencv-matrix
      rows: 3
      cols: 3
      dt: d
      data: [ 1., 0., 0., 0., 1., 0., 0., 0., 1. ]
   T: !!opencv-matrix
      rows: 3
      cols: 1
      dt: d
      data: [ 0., 0., 0. ]
   E: !!opencv-matrix
      rows: 3
      cols: 3
      dt: d
      data: [ 0., 0., 0., 0., 0., 0., 0., 0., 0. ]
   F: !!opencv-matrix
      rows: 3
      cols: 3
      dt: d
      data: [ 0., 0., 0., 0., 0., 0., 0., 0., 0. ]
   avgEpipolarErr: 0.
   maxEpipolarErr: 0.
   colorOrder: BGR
   avgColorErr: 0.
   colorR2: 1.
Projector  0:
   imageWidth: 1920
   imageHeight: 1080
   responseGamma: 2.2000000000000002e+00
   cameraMatrix: !!opencv-matrix
      rows: 3
      cols: 3
      dt: d
      data: [ 2.8009385692835740e+03, 0., 9.1107455316487835e+02, 0.,
          2.8042952384554696e+03, 1.0652130615811270e+03, 0., 0., 1. ]
   distortionCoeffs: !!opencv-matrix
      rows: 1
      cols: 4
      dt: d
      data: [ -5.4032956659586233e-02, -2.0189260006288345e-02,
          -9.9016023857299048e-04, -4.5617340277611532e-03 ]
   extrParams: !!opencv-matrix
      rows: 14
      cols: 6
      dt: d
      data: [ -1.0737282960015924e-01, 2.2660211536412428e-01,
          1.9207137191721291e+00, 6.3916114904353122e+01,
          -4.2019263277410568e+02, 1.0336367688782520e+03,
          4.6046712086917477e-02, 2.7603529145892608e-01,
          3.1231409691071756e+00, 1.2527163595286804e+02,
          -1.3575314938306772e+02, 9.7270945897263891e+02,
          -1.8989554926020860e-01, -1.3356254213740459e-01,
          -1.9690624949183888e+00, 6.5423142907854114e+01,
          5.4290228255794695e+01, 9.3618528862056871e+02,
          -2.1837390724732492e-01, -9.9347836037243981e-02,
          -1.5727361752552018e+00, -2.3880086273138517e+00,
          2.3432012672142054e+01, 9.4729370728201957e+02,
          -1.7001509135012433e-01, 1.3258015036981791e-01,
          1.5267354625638057e+00, -1.4773319321890135e+01,
          -4.0709273847558921e+02, 1.0326909923839576e+03,
          -2.0014856231617770e-01, 3.1754889545895525e-02,
          1.3025657464556053e-02, -2.1035829697463384e+02,
          -2.5010173949932650e+02, 1.0081304197395602e+03,
          1.8836190871407490e-01, 5.5482449779816520e-02,
          8.0683017395324963e-02, -1.9730150482590770e+02,
          -3.4578883090836968e+02, 8.9633694221949747e+02,
          8.4535428443693633e-02, 3.5113236211653381e-01,
          1.3492190440567624e+00, 1.9143722665906290e+02,
          -4.2386208529575089e+02, 9.4140662593839363e+02,
          3.2178544365202677e-01, 4.2469438587219133e-02,
          2.7818548441640972e-02, -2.0760129536731364e+02,
          -3.2890879652890771e+02, 8.5175111453016382e+02,
          -1.5307042761464512e-01, -1.4526906619401667e-01,
          -1.5095240630526752e+00, -2.8905537193627424e+02,
          2.0360398724804323e+01, 9.4652597623456415e+02,
          -2.5175329777733574e-01, -6.9847460418831761e-02,
          -1.6189615320779003e+00, -3.1290295404857244e+02,
          5.0190130331843804e+01, 9.4492827425232099e+02,
          1.6706379648498593e-01, 2.4388073485150616e-01,
          -1.5465491599858412e+00, -1.8307532636798473e+02,
          2.8738300914165418e+01, 9.4891888836062719e+02,
          -1.4019747043312453e-02, 1.8613382686858870e-01,
          -1.2722340524145119e+00, -5.7800627451712948e+01,
          -3.5074420054847010e+01, 9.6278895933479714e+02,
          -1.9681134472909945e-01, 2.1038409459312316e-01,
          -1.0909440798175726e-01, -1.4782571239358060e+02,
          -3.1298587292184391e+02, 1.0191480268137798e+03 ]
   reprojErrs: !!opencv-matrix
      rows: 1
      cols: 14
      dt: d
      data: [ 6.6265145480677601e-01, 7.9589096312533458e-01,
          6.8249390941502319e-01, 1.1207501541544647e+00,
          8.4846702653920025e-01, 6.0584921282187842e-01,
          6.6455813473784298e-01, 4.1286548430674352e-01,
          5.3605508213698272e-01, 1.1762861670174098e+00,
          1.2145875709685834e+00, 5.2137249469809765e-01,
          5.7467084073697938e-01, 6.2929967231496164e-01 ]
   avgReprojErr: 8.0392317325888440e-01
   maxReprojErr: 3.2552145295481520e+00
   R: !!opencv-matrix
      rows: 3
      cols: 3
      dt: d
      data: [ 9.9915918628459777e-01, 1.7901878015635267e-02,
          -3.6884186674153413e-02, -2.0931499840580049e-02,
