%YAML:1.0
Cameras:
   - Camera  0
Projectors:
   - Projector  0
Camera  0:
   imageWidth: 640
   imageHeight: 480
   responseGamma: 0.
   cameraMatrix: !!opencv-matrix
      rows: 3
      cols: 3
      dt: d
      data: [ 5.0532210408100252e+02, 0., 3.1794283761638604e+02, 0.,
          5.0526981470942440e+02, 2.5313928159052915e+02, 0., 0., 1. ]
   distortionCoeffs: !!opencv-matrix
      rows: 1
      cols: 4
      dt: d
      data: [ -6.9887375926314221e-02, 1.4957417005780330e-01,
          -5.3110716820445915e-06, 3.1305822343627252e-03 ]
   extrParams: !!opencv-matrix
      rows: 20
      cols: 6
      dt: d
      data: [ 2.1375271021334047e-01, 5.3493815197762906e-01,
          -3.0641927183526971e+00, 3.4389947965910824e+02,
          2.2261433630688413e+02, 8.1056062429502163e+02,
          -1.9578329335491229e-01, -5.3129279062556911e-01,
          3.0766802699679188e+00, 7.2043616640852278e+01,
          1.7789625081780318e+02, 7.5574390291088514e+02,
          -1.9011172312391064e-01, -5.2623663869847392e-01,
          3.0650508829705148e+00, 8.6247690746425022e+01,
          2.4449833562447665e+01, 7.0286150635027639e+02,
          2.0626574512386661e-01, 5.3078400670129888e-01,
          -3.0912143114628843e+00, 2.7497792897098327e+02,
          4.4181925592275135e+01, 7.3616544964016578e+02,
          -1.1033907704677813e-01, 3.5040663909232445e-01,
          -2.7122973456727526e+00, 2.0266836765750952e+02,
          2.0761588123943272e+02, 6.5829737546337935e+02,
          1.7116064315267698e-01, -4.7772126340885547e-02,
          -1.5487220798201589e+00, -3.9815273872209353e+01,
          2.4311255668327254e+02, 6.4540730417915336e+02,
          3.4459609259707824e-01, -1.1530052725385855e-01,
          -6.3038234578717212e-01, -3.6442724634021977e+02,
          4.9737522223335219e+01, 6.0460273260413283e+02,
          3.3996241605097710e-01, -1.8300739121784834e-01,
          7.5830928936172118e-02, -2.9457949356020544e+02,
          -1.5187542085697237e+02, 5.7003378510936466e+02,
          3.6271354563545533e-01, -5.9243718916169967e-02,
          -5.8258732002398950e-01, -3.1501425240682005e+02,
          2.0048012633145341e+01, 6.3137422691172526e+02,
          3.2611969301001204e-01, 9.7541994347449854e-02,
          -1.5037778953384577e+00, -8.7563189100475881e+01,
          2.4605275194653697e+02, 7.2705226774189532e+02,
          -1.4339836764811942e-01, -3.3799660688887806e-01,
          -1.6076455314571592e+00, -4.1059470277554937e+01,
          2.0974843253621202e+02, 4.7848146220328653e+02,
          -9.3847420490040273e-02, -2.8023893082702145e-01,
          -1.6181396459636666e+00, 9.8456164526121810e+01,
          2.1382995852154718e+02, 5.2330765889389681e+02,
          4.6631995441734547e-02, -1.5646341480852241e-01,
          -1.5934376898998579e+00, -2.5406930633098474e+02,
          2.3526454517197405e+02, 5.4892450525314655e+02,
          5.6989355143784740e-02, -1.4561080153569572e-01,
          -1.5864096638571463e+00, -2.1425054169600304e+02,
          3.2273088821508361e+02, 5.9299426197980449e+02,
          -2.8058695354034890e-01, -1.3181572672979014e-01,
          -3.4629038138818853e-02, -1.5211958763678717e+02,
          -2.0819135344840522e+01, 6.3078959947910914e+02,
          2.9786699443957876e-01, -1.2711104205208706e-01,
          -1.0243824464761660e-02, -1.5285155160252228e+02,
          -2.1503537710055437e+02, 5.8307073653092891e+02,
          2.9575685402053253e-01, -1.2654668694311969e-01,
          -2.0089586064437798e-02, -1.5238646576592294e+02,
          -1.9626560942059999e+02, 5.9028947394272620e+02,
          3.0362050544326352e-01, -1.2334387784191365e-01,
          -3.5816228109245347e-02, -1.5321841106131470e+02,
          -2.5216275075172788e+02, 5.7224536035334540e+02,
          1.0419231894349859e-01, 4.8245160315957125e-01,
          -1.6358532351282398e+00, 1.8658216828922835e+02,
          1.7524247118786042e+02, 7.5766367484931516e+02,
          6.4568790863468695e-01, -9.1794195742174081e-02,
          -1.4218447034701041e+00, -3.5812890788797921e+02,
          2.2983707906600711e+02, 6.0369650371201385e+02 ]
   reprojErrs: !!opencv-matrix
      rows: 1
      cols: 20
      dt: d
      data: [ 3.6882231951819516e-01, 3.7515753353560710e-01,
          3.5792280877241534e-01, 4.6346302800079447e-01,
          3.6050345827431585e-01, 4.4038195113459022e-01,
          2.9545560619479927e-01, 3.7203900658309969e-01,
          3.1112808850087942e-01, 4.8237697296470400e-01,
          3.3219797376119203e-01, 3.3650548017071058e-01,
          2.2516116891790905e-01, 3.5332102420869999e-01,
          3.3097524461037742e-01, 3.2813509963875076e-01,
          4.3706243454034005e-01, 3.2804893618914110e-01,
          3.9875330712041684e-01, 3.2151353192692789e-01 ]
   avgReprojErr: 3.6659070224793799e-01
   maxReprojErr: 9.6790303325866756e-01
   R: !!opencv-matrix
      rows: 3
      cols: 3
      dt: d
      data: [ 1., 0., 0., 0., 1., 0., 0., 0., 1. ]
   T: !!opencv-matrix
      rows: 3
      cols: 1
      dt: d
      data: [ 0., 0., 0. ]
   E: !!opencv-matrix
      rows: 3
      cols: 3
      dt: d
      data: [ 0., 0., 0., 0., 0., 0., 0., 0., 0. ]
   F: !!opencv-matrix
      rows: 3
      cols: 3
      dt: d
      data: [ 0., 0., 0., 0., 0., 0., 0., 0., 0. ]
   avgEpipolarErr: 0.
   maxEpipolarErr: 0.
   colorOrder: BGR
   avgColorErr: 0.
   colorR2: 1.
Projector  0:
   imageWidth: 1280
   imageHeight: 800
   responseGamma: 2.2000000000000002e+00
   cameraMatrix: !!opencv-matrix
      rows: 3
      cols: 3
      dt: d
      data: [ 1.1852957713976325e+03, 0., 6.5864511624950012e+02, 0.,
          1.1892293702225213e+03, 8.0142340993026551e+02, 0., 0., 1. ]
   distortionCoeffs: !!opencv-matrix
      rows: 1
      cols: 4
      dt: d
      data: [ -4.3133701783124576e-02, 2.0710128175044674e-02,
          4.0983353274356774e-03, 5.6858212614190658e-04 ]
   extrParams: !!opencv-matrix
      rows: 20
      cols: 6
      dt: d
      data: [ 4.5898055591406299e-02, 9.6950837064916850e-01,
          -2.9424621551201255e+00, 2.9876764958513434e+02,
          -1.8920303078435965e+00, 8.3591819843368739e+02,
          3.9507007632495608e-02, 9.6931842222796261e-01,
          -2.9792701999392928e+00, 2.3654809564964935e+01,
          -4.8561655249696074e+01, 7.9380642748317007e+02,
          -3.0310171596818297e-02, -9.6958664923379267e-01,
          2.9843349350977602e+00, 3.8681092697566307e+01,
          -1.8072614031103001e+02, 6.9960609334845742e+02,
          3.6082993701679264e-02, 9.5989256220066310e-01,
          -2.9704795315453616e+00, 2.2942663574137086e+02,
          -1.5705494401672493e+02, 7.1867792247299428e+02,
          -1.7059011095711499e-01, 7.5001827156031609e-01,
          -2.5748521775392152e+00, 1.4285498143058589e+02,
          1.6019651633497713e+01, 6.9580707892124360e+02,
          3.1796641794274022e-01, 2.4569234260357142e-01,
          -1.5014059287348225e+00, -1.0103953034471019e+02,
          3.7295124810009291e+01, 7.1397057996544027e+02,
          5.8904059693255961e-01, 6.6377525083665706e-02,
          -6.0783911615249131e-01, -4.1977798016367080e+02,
          -1.5880146150347744e+02, 6.4748131001176466e+02,
          6.3425231218176548e-01, -9.4407910796670283e-02,
          9.0129447419643030e-02, -3.4506467726547453e+02,
          -3.3800639438031862e+02, 5.5239416994129567e+02,
          6.0462114302596592e-01, 1.1607291650701147e-01,
          -5.5361151660930263e-01, -3.6700830601232417e+02,
          -1.9199291624814069e+02, 6.6252331224467105e+02,
          4.7339687320023865e-01, 3.8572544832312899e-01,
          -1.4518277306294551e+00, -1.4053558851609580e+02,
          1.4472744157500621e+01, 7.9767233992401782e+02,
          2.3515784358402359e-03, -4.8772266578725132e-02,
          -1.5700736557649673e+00, -1.1792758528008613e+02,
          5.1062137128393459e+01, 5.4168934994847109e+02,
