%YAML:1.0
Cameras:
   - Camera  0
Projectors:
   - Projector  0
Camera  0:
   imageWidth: 1920
   imageHeight: 1080
   responseGamma: 0.
   cameraMatrix: !!opencv-matrix
      rows: 3
      cols: 3
      dt: d
      data: [ 1.6486903151416261e+03, 0., 9.8527075659003719e+02, 0.,
          1.6458992672540871e+03, 4.4380496900786233e+02, 0., 0., 1. ]
   distortionCoeffs: !!opencv-matrix
      rows: 1
      cols: 4
      dt: d
      data: [ 1.0494181556348727e-02, -1.8593565816768839e-01,
          -4.8459890312406500e-03, 7.5159589897023742e-04 ]
   extrParams: !!opencv-matrix
      rows: 20
      cols: 6
      dt: d
      data: [ -2.2493715819126522e-01, 2.3015512332304235e-02,
          4.1230092550354570e-02, -7.7363590588898461e+01,
          -6.4488863765817328e+01, 8.0354826880358439e+02,
          -4.3465130010551223e-01, 5.0393137624735529e-01,
          1.5884451770368153e+00, 4.3382564958936922e+02,
          -4.2022666798996752e+01, 9.2826608787872181e+02,
          -3.9124294376746910e-01, -5.4832994198166729e-01,
          -1.5582201953278207e+00, -1.0726399444102796e+02,
          2.7844127735176517e+02, 6.8795863451509570e+02,
          -4.3712935923275092e-01, -4.8765078628922526e-01,
          -1.4860644664597478e+00, -4.1743706799621606e+01,
          2.7978794895616363e+02, 7.0606680530462461e+02,
          -3.6288864447691332e-01, -3.6808580623756126e-01,
          -1.5399723303114539e+00, -3.2620860843987550e+01,
          2.9839008069376865e+02, 7.0734626456728176e+02,
          -3.5305974461705741e-01, -6.0504171702163401e-01,
          -2.1088299398720984e+00, 2.1176374373265156e+02,
          3.6341695495154693e+02, 6.6445000225972353e+02,
          -8.2080606544160051e-02, 8.0594425994922603e-01,
          2.8642333492557261e+00, 3.5016399090355981e+02,
          2.1803684389799344e+02, 7.6165198567372613e+02,
          -7.6743262405147872e-01, -1.8928812184321703e-01,
          -1.5211464288432097e+00, 6.4589445399776864e+01,
          3.1752541215989351e+02, 6.7655063571728226e+02,
          -7.8495241939316718e-01, -1.1667297849779650e-01,
          -5.3292703485307924e-01, -1.4915650747033777e+02,
          1.0256291097904135e+02, 8.2802855798181474e+02,
          -5.9967296178793894e-01, -3.0589119030170026e-01,
          -1.1346099181672802e+00, -1.1700995132687849e+02,
          2.1289485551430636e+02, 7.6140831971072839e+02,
          -8.3784782914453448e-01, -1.1843073043873825e-01,
          -1.5939708551948961e+00, 4.2467724588713182e+01,
          2.9519977727078060e+02, 6.8527717177050488e+02,
          -6.8352560738843848e-01, -1.2098410438872491e-01,
          -4.5136921973679445e-01, -1.1581992036128460e+02,
          1.0150672844821588e+02, 8.3537937098917439e+02,
          -2.0545731364345429e-01, -2.1536901806369918e-01,
          -4.0477388941816672e-01, -1.5979103474228489e+02,
          3.8508060223263996e+01, 7.2588592945718403e+02,
          -2.5826498385122770e-01, -6.4277879520842263e-01,
          -1.4051258250984038e+00, -5.2434591237801804e+01,
          2.4506495343705603e+02, 6.3492472364336413e+02,
          -4.2165763606608467e-02, -8.8977764624310052e-01,
          -2.9009530669138104e+00, 4.3000634164750483e+02,
          2.8590006976305796e+02, 7.1918404552157892e+02,
          -3.6235518170467568e-01, -9.2761090153058812e-01,
          -2.9492498571268482e+00, 4.8375381446329283e+02,
          2.3389576044881048e+02, 6.4061317977909982e+02,
          1.2751461250492947e-03, -8.5276275223819920e-01,
          -3.0186280246300616e+00, 3.6803985043810616e+02,
          1.9851152764686154e+02, 7.7503618969268132e+02,
          -4.7604387877421506e-01, 4.4390704825111460e-01,
          1.4885146225886439e+00, 2.5492628021929153e+02,
          -2.5595049395288001e+01, 9.2849500138481972e+02,
          -6.0163800645410115e-01, 5.8338538271935603e-01,
          1.4885760577343710e+00, 2.5020620593409194e+02,
          -4.1265512442686401e+01, 9.3793877589218312e+02,
          -6.3208505842838680e-01, 3.6585538431734954e-01,
          7.3428289119258472e-01, 6.3912758547464094e+01,
          -7.3619876170549418e+01, 9.5896362020062645e+02 ]
   reprojErrs: !!opencv-matrix
      rows: 1
      cols: 20
      dt: d
      data: [ 2.7909225568921964e-01, 2.1709079236000500e-01,
          2.5098881227752573e-01, 2.0068709712939273e-01,
          1.5365698957080998e-01, 1.9383286072152814e-01,
          2.3699007166410224e-01, 2.2387811734776170e-01,
          2.9036573011272465e-01, 2.0468752373431173e-01,
          1.4053372499910863e-01, 3.1340062756951736e-01,
          2.5095860515187274e-01, 2.9403249411402116e-01,
          2.8993278380100546e-01, 2.6481912535009050e-01,
          2.4662246419816319e-01, 2.5078840261534613e-01,
          2.7839042416265741e-01, 2.8684184460061413e-01 ]
   avgReprojErr: 2.5174758873580694e-01
   maxReprojErr: 6.2802047429148600e-01
   R: !!opencv-matrix
      rows: 3
      cols: 3
      dt: d
      data: [ 1., 0., 0., 0., 1., 0., 0., 0., 1. ]
   T: !!opencv-matrix
      rows: 3
      cols: 1
      dt: d
      data: [ 0., 0., 0. ]
   E: !!opencv-matrix
      rows: 3
      cols: 3
      dt: d
      data: [ 0., 0., 0., 0., 0., 0., 0., 0., 0. ]
   F: !!opencv-matrix
      rows: 3
      cols: 3
      dt: d
      data: [ 0., 0., 0., 0., 0., 0., 0., 0., 0. ]
   avgEpipolarErr: 0.
   maxEpipolarErr: 0.
   colorOrder: BGR
   avgColorErr: 0.
   colorR2: 1.
Projector  0:
   imageWidth: 1280
   imageHeight: 800
   responseGamma: 2.2000000000000002e+00
   cameraMatrix: !!opencv-matrix
      rows: 3
      cols: 3
      dt: d
      data: [ 2.0421903473313791e+03, 0., 6.6484215035582361e+02, 0.,
          2.2676285583267563e+03, 7.5906084560880197e+02, 0., 0., 1. ]
   distortionCoeffs: !!opencv-matrix
      rows: 1
      cols: 4
      dt: d
      data: [ 1.4873298608074037e-01, -4.8171310970964193e-01,
          -3.3895259619699629e-03, 3.0449893080460288e-04 ]
   extrParams: !!opencv-matrix
      rows: 20
      cols: 6
      dt: d
      data: [ 6.6193839474328567e-02, 2.8170798751606857e-02,
          -5.2821110596652536e-03, -2.2104131544845291e+02,
          -2.8865462745588019e+02, 7.1803804162944868e+02,
          -2.0005667364990976e-01, 2.8372296542983216e-01,
          1.5838148569146324e+00, 2.8998000766496460e+02,
          -3.2738842590081600e+02, 8.3877777219965742e+02,
          -1.8634780062756745e-01, -3.0935996205518190e-01,
          -1.6568138039954763e+00, -2.3323997597614445e+02,
          7.4181711907388149e+01, 7.0422339535258254e+02,
          -2.2158665746970688e-01, -2.4802075692466885e-01,
          -1.5747149039199064e+00, -1.6842110773030592e+02,
          6.7219280154081389e+01, 7.2482400251733748e+02,
          -1.5397551720477565e-01, -1.2766400558520000e-01,
          -1.6145979966313218e+00, -1.5825787083956300e+02,
          8.4032192139550403e+01, 7.2901240756851564e+02,
          -2.1198550203293870e-01, -2.8536321230200135e-01,
          -2.2055521142621672e+00, 8.9432923736735304e+01,
          1.4644757333193226e+02, 7.0324123416414147e+02,
          -1.9544376311490662e-02, 3.8526004543287851e-01,
          2.8975366842435273e+00, 2.1997458728306157e+02,
          -2.7219474725482538e+01, 7.5352401120582374e+02,
          -5.5313061737771962e-01, 5.0970561413740782e-02,
          -1.5522896375655897e+00, -6.0072161469981339e+01,
          1.0620407808587693e+02, 7.0184710441649815e+02,
          -5.1027508823242340e-01, -1.5162878009926491e-02,
          -5.8105211249114697e-01, -2.8466979339338138e+02,
          -1.3198476236638859e+02, 7.9022517936482438e+02,
          -3.5744669829775383e-01, -1.1919542086876034e-01,
          -1.1990783267820002e+00, -2.4702588968103260e+02,
          -9.2112623837769654e+00, 7.5786661457915829e+02,
          -6.2636222515223128e-01, 1.3270499842411890e-01,
          -1.6097824604254880e+00, -8.3044586561915153e+01,
          8.3569323913137694e+01, 7.0395198023030241e+02,
