%YAML:1.0
Cameras:
   - Camera  0
Projectors:
   - Projector  0
Camera  0:
   imageWidth: 640
   imageHeight: 480
   responseGamma: 0.
   cameraMatrix: !!opencv-matrix
      rows: 3
      cols: 3
      dt: d
      data: [ 7.9184279224138004e+02, 0., 3.2916696583508843e+02, 0.,
          7.8494614601859826e+02, 2.5869461798133307e+02, 0., 0., 1. ]
   distortionCoeffs: !!opencv-matrix
      rows: 1
      cols: 4
      dt: d
      data: [ -1.5249740014632412e-01, 6.5939907159746425e-01,
          6.5264618241028241e-04, 3.2485666598108982e-04 ]
   extrParams: !!opencv-matrix
      rows: 10
      cols: 6
      dt: d
      data: [ 2.9618363208408705e-01, 3.8371619225674190e-02,
          -7.8692178719350275e-02, -2.8417952249548915e+02,
          -1.0348566422541100e+02, 8.0396454118146937e+02,
          5.5824765388101305e-01, 1.9392051288076261e-02,
          -4.0754629288773457e-02, -2.4627165365539784e+02,
          -1.9105502448297150e+02, 7.5742511593713232e+02,
          5.0845131413521139e-01, 3.8583491127858244e-01,
          -1.2284146412866219e+00, -2.2044973781779345e+02,
          5.7803741299029930e+01, 9.2968068365296392e+02,
          3.9167724475885196e-01, 5.7949993956984691e-01,
          -1.9425486352331593e+00, -5.7577349978824827e+01,
          1.6252750277024236e+02, 9.9042612082694950e+02,
          6.1095701298533095e-03, -4.7821919861978213e-01,
          3.1068184533976213e+00, 2.1399349701463041e+02,
          1.1650655106164558e+02, 8.4669389964166419e+02,
          -3.4006419108774461e-01, -7.0572111140630589e-01,
          2.5489034060550240e+00, 2.3117400415390674e+02,
          -6.8747911134728326e+01, 8.3524408438853925e+02,
          2.5839272110108602e-01, -3.4921142508975345e-01,
          1.6810520992532003e+00, 1.3403480912445437e+02,
          -2.3286101407930434e+02, 7.2654657499094162e+02,
          3.8331466817439408e-01, -1.7489331849415590e-01,
          1.2235676117474119e+00, 1.5047768242283004e+02,
          -3.0080633482113501e+02, 6.8172281681249717e+02,
          4.5212542270452133e-01, -4.1502830630903093e-01,
          1.4506197449146676e+00, 2.6777241069106225e+02,
          -2.6103575580857262e+02, 7.0864113492130753e+02,
          3.8391437136874612e-01, -6.0663006612123360e-01,
          1.9481747763113788e+00, 2.3084850699571581e+02,
          -1.7709125379753939e+02, 7.6574752451928009e+02 ]
   reprojErrs: !!opencv-matrix
      rows: 1
      cols: 10
      dt: d
      data: [ 1.9230634608108321e-01, 2.8279646455281260e-01,
          2.6921779177619809e-01, 1.5346230366457012e-01,
          2.2387405256349641e-01, 2.0071425190694908e-01,
          1.8957010355668075e-01, 1.8464264240081135e-01,
          2.4732818654607067e-01, 3.0972143685870901e-01 ]
   avgReprojErr: 2.3528753737013833e-01
   maxReprojErr: 7.0933515892656207e-01
   R: !!opencv-matrix
      rows: 3
      cols: 3
      dt: d
      data: [ 1., 0., 0., 0., 1., 0., 0., 0., 1. ]
   T: !!opencv-matrix
      rows: 3
      cols: 1
      dt: d
      data: [ 0., 0., 0. ]
   E: !!opencv-matrix
      rows: 3
      cols: 3
      dt: d
      data: [ 0., 0., 0., 0., 0., 0., 0., 0., 0. ]
   F: !!opencv-matrix
      rows: 3
      cols: 3
      dt: d
      data: [ 0., 0., 0., 0., 0., 0., 0., 0., 0. ]
   avgEpipolarErr: 0.
   maxEpipolarErr: 0.
   colorOrder: BGR
   avgColorErr: 0.
   colorR2: 1.
Projector  0:
   imageWidth: 1280
   imageHeight: 800
   responseGamma: 2.2000000000000002e+00
   cameraMatrix: !!opencv-matrix
      rows: 3
      cols: 3
      dt: d
      data: [ 2.0324878937361195e+03, 0., 6.9138668481726040e+02, 0.,
          2.2532637877382904e+03, 7.8722382746441644e+02, 0., 0., 1. ]
   distortionCoeffs: !!opencv-matrix
      rows: 1
      cols: 4
      dt: d
      data: [ 1.9025581145393192e-01, -5.4858172857795717e-01,
          1.6237086274297141e-03, -2.2159835912142108e-03 ]
   extrParams: !!opencv-matrix
      rows: 10
      cols: 6
      dt: d
      data: [ -8.1363630075544688e-02, 1.9955870512289048e-01,
          3.0473476477961148e+00, 2.9053787207592683e+02,
          -9.8624662150899724e+01, 7.9587863225210390e+02,
          -5.6209857450971165e-02, 5.9038708674957574e-01,
          3.0345612452506838e+00, 2.5416599729486413e+02,
          -4.0097581915221561e+00, 7.6447441289507424e+02,
          -3.1644150218151879e-01, 3.7448598357506319e-01,
          1.8329216104701924e+00, 2.2475423049162004e+02,
          -2.7892413010064814e+02, 8.9010830023385051e+02,
          -3.7585131930479215e-01, 2.2991760025329902e-01,
          1.1072991745410976e+00, 6.0110056490902586e+01,
          -3.9159231760779733e+02, 9.2823439208928028e+02,
          -1.3717788969011629e-01, -2.4994245860864135e-02,
          -3.3405698471075163e-03, -2.0782246583467074e+02,
          -3.2066250234753738e+02, 7.9120302971350156e+02,
          -3.4967849216221919e-01, 2.6879505535869663e-01,
          -4.6295419011537459e-01, -2.2524879333352479e+02,
          -1.3598706933880959e+02, 8.1045670637014211e+02,
          -1.7614485343987901e-01, -1.4668062873400919e-01,
          -1.4354010386199738e+00, -1.2514499713166596e+02,
          4.3971660820864741e+01, 7.3299360083617398e+02,
          -5.1820417284114788e-02, -2.7317933585652771e-01,
          -1.9044749696035927e+00, -1.4041743668080298e+02,
          1.1847544626067555e+02, 7.0144687158973647e+02,
          -2.6889512301812074e-01, -3.3761315557640476e-01,
          -1.6356517655164755e+00, -2.5847260853719371e+02,
          7.5391292279928493e+01, 7.1780056540563987e+02,
          -3.7189662836525100e-01, -2.6235675624567589e-01,
          -1.1129324440074926e+00, -2.2294164533942904e+02,
          -1.7236383232911777e+01, 7.5878049455731980e+02 ]
   reprojErrs: !!opencv-matrix
      rows: 1
      cols: 10
      dt: d
      data: [ 2.5246138076110958e-01, 3.0347350840056292e-01,
          3.3018729688616416e-01, 2.5995042002192215e-01,
          4.3904757083047502e-01, 3.6756535018263836e-01,
          4.2801255208199174e-01, 2.3275780797991261e-01,
          7.5277490575167905e-01, 4.7102699826078875e-01 ]
   avgReprojErr: 4.1294815258565737e-01
   maxReprojErr: 2.0586180748850542e+00
   R: !!opencv-matrix
      rows: 3
      cols: 3
      dt: d
      data: [ -9.9973007754981402e-01, 2.9114531358320045e-04,
          -2.3231170367613244e-02, 3.8214411380819765e-03,
          -9.8424172955068978e-01, -1.7678691806436095e-01,
          -2.2916557984803649e-02, -1.7682797585640478e-01,
          9.8397494801679586e-01 ]
   T: !!opencv-matrix
      rows: 3
      cols: 1
      dt: d
      data: [ 2.5602433718326093e+01, -5.7056629163833485e+01,
          -1.9333752205083137e+01 ]
   E: !!opencv-matrix
      rows: 3
      cols: 3
      dt: d
      data: [ 1.3814243466804168e+00, -8.9398774648053010e+00,
          -5.9560248182453336e+01, 1.9915253248174764e+01,
          4.5215976000608817e+00, -2.4743007695771876e+01,
          -5.6943390105243999e+01, -2.5182371873442268e+01,
          -5.8516676247166934e+00 ]
   F: !!opencv-matrix
      rows: 3
      cols: 3
      dt: d
      data: [ 1.4894028546167954e-08, -9.7233461883027784e-08,
          -4.8823665496277067e-04, 1.9368092012275974e-07,
          4.4360049525252490e-08, -2.6577183245961506e-04,
          -1.4106004690817824e-03, -5.2437942310303335e-04, 1. ]
   avgEpipolarErr: 6.6901261913465238e-01
   maxEpipolarErr: 2.8484971318620955e+00
   colorOrder: BGR
   avgColorErr: 0.
   colorR2: 1.
