%YAML:1.0
Cameras:
   - Camera  0
Projectors:
   - Projector  0
Camera  0:
   imageWidth: 640
   imageHeight: 480
   responseGamma: 0.
   cameraMatrix: !!opencv-matrix
      rows: 3
      cols: 3
      dt: d
      data: [ 7.5726856301345242e+02, 0., 3.4053165467052281e+02, 0.,
          7.5963422092643918e+02, 2.2747112345483427e+02, 0., 0., 1. ]
   distortionCoeffs: !!opencv-matrix
      rows: 1
      cols: 4
      dt: d
      data: [ -1.1518407452303590e-01, 2.5402856481449426e-01,
          3.9082092833519055e-03, 1.7459903263413300e-03 ]
   extrParams: !!opencv-matrix
      rows: 10
      cols: 6
      dt: d
      data: [ 4.8774178869850848e-01, 5.6953541560418970e-03,
          -3.8047986622993875e-03, -1.6184670676970134e+02,
          -1.2879361976109661e+02, 7.3409521124635000e+02,
          3.6289957728882094e-01, 2.8210100127754345e-01,
          -7.3432318034740685e-01, -1.2661393786876253e+02,
          1.8829497731765084e+01, 8.2198167255291207e+02,
          4.7728950635894701e-01, 7.0987907970929817e-03,
          -1.1489704883555042e-02, -2.6754605901547455e+02,
          -1.4149557044088058e+02, 7.2624674810061185e+02,
          5.1280761101468264e-01, -1.7033261186406337e-01,
          5.9387945849618839e-01, -1.9026218223820473e+02,
          -2.1127250439239805e+02, 6.8722970905611987e+02,
          5.0671578305352916e-01, -7.4764499457117620e-03,
          3.7893795199347595e-02, -1.4813407069292006e+02,
          -2.1266711410560657e+02, 6.8183141642142959e+02,
          3.5053632245257771e-01, -1.9963405854891969e-01,
          -8.6456649233298644e-01, -1.8067936210108127e+02,
          1.0504435441544911e+02, 6.6463034102076222e+02,
          3.8399419956393499e-01, 2.5770315565349666e-01,
          -1.2905681133429139e+00, -1.7537918596378498e+02,
          9.6652308579441851e+01, 8.1382014373200491e+02,
          -3.1827700848891891e-03, 6.1573431609637719e-01,
          -2.4003467103616165e+00, 1.3882255134666062e+02,
          1.8989974318943555e+02, 8.4384197486503808e+02,
          2.3721164910132111e-01, 3.6480676342519885e-01,
          -2.7164095770887502e+00, 1.4357371879396089e+02,
          1.8058289631824488e+02, 8.1393039061999480e+02,
          1.7924015913347961e-02, -8.7980893084244038e-01,
          3.0022376816575989e+00, 2.8131294331398198e+02,
          1.9287920348472912e+01, 8.2923960835919615e+02 ]
   reprojErrs: !!opencv-matrix
      rows: 1
      cols: 10
      dt: d
      data: [ 3.1140592352854618e-01, 3.2452182745290625e-01,
          3.0975970197670616e-01, 3.7401286273952339e-01,
          3.4214408602770779e-01, 2.0796753671930371e-01,
          2.4815393578253395e-01, 2.6772751524942362e-01,
          1.4014970068710408e-01, 2.4582295972469112e-01 ]
   avgReprojErr: 2.8659248271295634e-01
   maxReprojErr: 6.8515433327641651e-01
   R: !!opencv-matrix
      rows: 3
      cols: 3
      dt: d
      data: [ 1., 0., 0., 0., 1., 0., 0., 0., 1. ]
   T: !!opencv-matrix
      rows: 3
      cols: 1
      dt: d
      data: [ 0., 0., 0. ]
   E: !!opencv-matrix
      rows: 3
      cols: 3
      dt: d
      data: [ 0., 0., 0., 0., 0., 0., 0., 0., 0. ]
   F: !!opencv-matrix
      rows: 3
      cols: 3
      dt: d
      data: [ 0., 0., 0., 0., 0., 0., 0., 0., 0. ]
   avgEpipolarErr: 0.
   maxEpipolarErr: 0.
   colorOrder: BGR
   avgColorErr: 0.
   colorR2: 1.
Projector  0:
   imageWidth: 1280
   imageHeight: 800
   responseGamma: 2.2000000000000002e+00
   cameraMatrix: !!opencv-matrix
      rows: 3
      cols: 3
      dt: d
      data: [ 2.0444638896744980e+03, 0., 6.5547006257452460e+02, 0.,
          2.2693797705898965e+03, 7.8165360702010992e+02, 0., 0., 1. ]
   distortionCoeffs: !!opencv-matrix
      rows: 1
      cols: 4
      dt: d
      data: [ 1.6376724929694203e-01, -5.3229948298513718e-01,
          -5.6405248778451968e-03, -6.5842450358893833e-03 ]
   extrParams: !!opencv-matrix
      rows: 10
      cols: 6
      dt: d
      data: [ -2.7039764866925966e-02, 5.6039796703750189e-01,
          3.0806646534746713e+00, 1.8116808931219984e+02,
          -2.2128927774270867e+01, 7.6732186781451912e+02,
          -3.1104202135376186e-01, 2.9137983395848760e-01,
          2.3529753757552343e+00, 1.4441866581688498e+02,
          -1.7963216163119668e+02, 8.3456510738270822e+02,
          -2.8952656811305051e-02, 5.4130473229969112e-01,
          3.0769899087211749e+00, 2.8695473417518679e+02,
          -8.7502822688494692e+00, 7.6268559113710967e+02,
          -1.5976133931764372e-01, -5.1449417754085691e-01,
          -2.4929415626102354e+00, 2.0994906301059575e+02,
          6.5503699532958962e+01, 7.3022884584170424e+02,
          1.0472075653956740e-02, -5.8226314960993697e-01,
          -3.0545245231518487e+00, 1.6827806640693228e+02,
          6.8114808970312126e+01, 7.2642808666389453e+02,
          3.0861225023724254e-01, 2.7318939329485598e-01,
          2.2553045345931717e+00, 1.9951742000254231e+02,
          -2.4560061844317391e+02, 6.6069873105084002e+02,
          -1.9356454097706824e-01, 2.8446469072793146e-01,
          1.8109636214852243e+00, 1.9334114494804771e+02,
          -2.5627013604487638e+02, 8.1662944919379515e+02,
          -3.6198759802321456e-01, -6.1555948493186123e-02,
          6.6079225163224042e-01, -1.2143009809233895e+02,
          -3.5155453140763063e+02, 8.2844236731333490e+02,
          -1.3000585562477424e-01, 1.4085087101804661e-01,
          3.9773639162403435e-01, -1.2562661480250240e+02,
          -3.3849596316381326e+02, 7.9975159612828315e+02,
          -4.4110772181880153e-01, -2.0603936504768317e-02,
          -1.9982794009514099e-02, -2.6345721695540175e+02,
          -1.7956054524456900e+02, 8.3787063009436451e+02 ]
   reprojErrs: !!opencv-matrix
      rows: 1
      cols: 10
      dt: d
      data: [ 4.8661780758652723e-01, 6.4567056558557145e-01,
          5.6739115133189522e-01, 4.0586033666792765e-01,
          9.7124737255779658e-01, 3.5588364910465392e-01,
          5.4070458010858291e-01, 2.9356779092159307e-01,
          7.4576095905974538e-01, 3.8596898336048546e-01 ]
   avgReprojErr: 5.8219013580572099e-01
   maxReprojErr: 2.9877371099380876e+00
   R: !!opencv-matrix
      rows: 3
      cols: 3
      dt: d
      data: [ -9.9992689335639806e-01, -2.2080063567963331e-03,
          -1.1888340950311157e-02, 3.6842009520060620e-03,
          -9.9207139668134048e-01, -1.2562153696751110e-01,
          -1.1516709858624373e-02, -1.2565615223562621e-01,
          9.9200700441043732e-01 ]
   T: !!opencv-matrix
      rows: 3
      cols: 1
      dt: d
      data: [ 2.7751742234068782e+01, -5.7115708352816810e+01,
          1.8907011192201757e+01 ]
   E: !!opencv-matrix
      rows: 3
      cols: 3
      dt: d
      data: [ 5.8812781283530080e-01, 2.5934045144344509e+01,
          -5.4284054942431681e+01, -1.8586020200691848e+01,
          3.4454303460676035e+00, -2.7754695676193435e+01,
          -5.7009289819923602e+01, -2.7657821525609105e+01,
          -4.1652275274867314e+00 ]
   F: !!opencv-matrix
      rows: 3
      cols: 3
      dt: d
      data: [ 6.6917575806241876e-09, 2.9416036187094010e-07,
          -5.3691685902254973e-04, -1.9051411233265871e-07,
          3.5207049278607888e-08, -1.5857290004525434e-04,
          -1.1816229739632568e-03, -8.6170695718854409e-04,
          9.9999999999999989e-01 ]
   avgEpipolarErr: 7.8614206395748321e-01
   maxEpipolarErr: 2.8685173571167999e+00
   colorOrder: BGR
   avgColorErr: 0.
   colorR2: 1.
