%YAML:1.0
Cameras:
   - Camera  0
Projectors:
   - Projector  0
Camera  0:
   imageWidth: 640
   imageHeight: 480
   responseGamma: 0.
   cameraMatrix: !!opencv-matrix
      rows: 3
      cols: 3
      dt: d
      data: [ 7.8184862934423654e+02, 0., 3.2638824934893535e+02, 0.,
          7.7603612690692887e+02, 2.5182423338810318e+02, 0., 0., 1. ]
   distortionCoeffs: !!opencv-matrix
      rows: 1
      cols: 4
      dt: d
      data: [ -1.6175605410579946e-01, 5.7329499458566313e-01,
          1.5200155275661828e-03, 1.5720309838729705e-04 ]
   extrParams: !!opencv-matrix
      rows: 10
      cols: 6
      dt: d
      data: [ 1.8561478328289565e-02, 7.1733642836792821e-01,
          -2.9933243632466282e+00, 1.9725993304283469e+02,
          9.7344378155544618e+01, 8.7793284734184670e+02,
          1.8995459328370080e-02, -7.3503528393415174e-01,
          3.0514719619247632e+00, 2.0931986773399916e+02,
          1.4161256615283153e+02, 9.0836072092504423e+02,
          3.9880889254464885e-01, 2.5742765208487178e-01,
          -2.5041298961983016e+00, -5.2348851341331022e+00,
          1.8330171040413256e+02, 8.3203305986507485e+02,
          3.6695443789883109e-01, -2.8238565375059149e-01,
          2.5790556028317204e+00, 3.4955757387999915e+02,
          -4.0692657364289477e+00, 7.1283747530333164e+02,
          6.1823975416723143e-01, -2.6192686617011368e-01,
          1.8417141710974108e+00, 2.4816909019670604e+02,
          -2.0646478797535670e+02, 6.0663749384280516e+02,
          4.4859091376965504e-01, -4.6350112664909193e-01,
          1.5850160648527662e+00, 1.3506666372223640e+02,
          -2.1638654762600382e+02, 7.2045348709923019e+02,
          1.5407137801718321e-01, -7.8671949125882557e-01,
          1.4629724958007864e+00, 2.4079319202421427e+01,
          -2.1087595268679752e+02, 7.0088290140803645e+02,
          4.2023106312562630e-01, -4.1588079427163405e-01,
          1.5527725892451552e+00, 8.7309163766109108e+01,
          -2.4161766740338064e+02, 7.0467731076004554e+02,
          1.2744833115333778e-01, -6.7234219796415629e-01,
          2.3894962106455258e+00, 2.3246171459010051e+02,
          -4.0238267874517661e+01, 8.3346768719391525e+02,
          3.4429827379299761e-03, 8.9576635795587944e-01,
          -2.9596403736003056e+00, 1.6531172445699451e+02,
          2.0396200764389885e+01, 8.7436544671432716e+02 ]
   reprojErrs: !!opencv-matrix
      rows: 1
      cols: 10
      dt: d
      data: [ 3.3634945266298427e-01, 3.8658722033158555e-01,
          2.3716658843847563e-01, 1.9689728408606974e-01,
          3.6006573460015823e-01, 4.3296966770927570e-01,
          2.8639920799437163e-01, 2.1035883367887606e-01,
          2.6473652108654483e-01, 3.6360839966693115e-01 ]
   avgReprojErr: 3.2637652872626366e-01
   maxReprojErr: 9.3626304373628277e-01
   R: !!opencv-matrix
      rows: 3
      cols: 3
      dt: d
      data: [ 1., 0., 0., 0., 1., 0., 0., 0., 1. ]
   T: !!opencv-matrix
      rows: 3
      cols: 1
      dt: d
      data: [ 0., 0., 0. ]
   E: !!opencv-matrix
      rows: 3
      cols: 3
      dt: d
      data: [ 0., 0., 0., 0., 0., 0., 0., 0., 0. ]
   F: !!opencv-matrix
      rows: 3
      cols: 3
      dt: d
      data: [ 0., 0., 0., 0., 0., 0., 0., 0., 0. ]
   avgEpipolarErr: 0.
   maxEpipolarErr: 0.
   colorOrder: BGR
   avgColorErr: 0.
   colorR2: 1.
Projector  0:
   imageWidth: 1280
   imageHeight: 800
   responseGamma: 2.2000000000000002e+00
   cameraMatrix: !!opencv-matrix
      rows: 3
      cols: 3
      dt: d
      data: [ 2.0282461591747929e+03, 0., 6.9651197795145345e+02, 0.,
          2.2438970013893436e+03, 8.0386707500861041e+02, 0., 0., 1. ]
   distortionCoeffs: !!opencv-matrix
      rows: 1
      cols: 4
      dt: d
      data: [ 1.7706621345139156e-01, -5.6102277944964352e-01,
          -3.9387968663401668e-03, 9.1219318893952673e-04 ]
   extrParams: !!opencv-matrix
      rows: 10
      cols: 6
      dt: d
      data: [ -3.1060646298931405e-01, -1.4810884429991306e-02,
          5.6529490785322649e-02, -1.9114839551574181e+02,
          -2.9835808638173074e+02, 8.3732149639085765e+02,
          -3.1579618866685699e-01, -3.4544221321190789e-02,
          -1.1903366617007517e-02, -2.0397804085934862e+02,
          -3.4677026001220003e+02, 8.6007903745952183e+02,
          -5.2550872668054721e-02, 2.2887319027450159e-01,
          6.1513749321915479e-01, 1.2792689968618333e+01,
          -3.7658643016416693e+02, 7.8366638699806833e+02,
          -5.7492289708450411e-02, -2.5250789271512247e-01,
          -5.5045336836126446e-01, -3.3981780751009120e+02,
          -1.7061435888591475e+02, 6.8828099559330246e+02,
          -9.0710844732429088e-02, -4.8088006018850687e-01,
          -1.2493778456385982e+00, -2.3597183628571122e+02,
          4.5731393297023438e+01, 6.1892435136531230e+02,
          -3.0853234315823924e-01, -3.3944611440387540e-01,
          -1.4934487183175589e+00, -1.2483491476044833e+02,
          3.6149362864588802e+01, 7.3340433410753008e+02,
          -6.4268736612866473e-01, -4.4464005235531755e-02,
          -1.5299771239473141e+00, -1.3416617250810365e+01,
          3.3364681465389388e+01, 7.2019818783567791e+02,
          -2.6889943053415366e-01, -3.1291862045093621e-01,
          -1.5372574757927928e+00, -7.6881177624843488e+01,
          6.3215127854437711e+01, 7.2320679212773462e+02,
          -3.6551075090287166e-01, -6.8300508620749253e-02,
          -6.7521667061011548e-01, -2.2527107763566303e+02,
          -1.5511861094735008e+02, 8.1356019969925603e+02,
          -4.2807834243722603e-01, -2.2157598208123758e-02,
          4.1184538064576282e-02, -1.5902867324758353e+02,
          -2.2206673330598275e+02, 8.4680081724637034e+02 ]
   reprojErrs: !!opencv-matrix
      rows: 1
      cols: 10
      dt: d
      data: [ 3.8919998739835815e-01, 3.8905123300005817e-01,
          7.2210645602693069e-01, 3.1519076856336636e-01,
          5.9973676103990015e-01, 5.8431693721143652e-01,
          7.0603476477767124e-01, 2.8722232477966053e-01,
          4.7522054729788415e-01, 3.6443113700007251e-01 ]
   avgReprojErr: 4.9093035883818514e-01
   maxReprojErr: 1.3155352897707067e+00
   R: !!opencv-matrix
      rows: 3
      cols: 3
      dt: d
      data: [ -9.9971643069630234e-01, -4.7155515363447777e-04,
          -2.3808314337273869e-02, 4.3610714606052720e-03,
          -9.8651993026900975e-01, -1.6358303163147347e-01,
          -2.3410238178217111e-02, -1.6364047426527839e-01,
          9.8624223998502203e-01 ]
   T: !!opencv-matrix
      rows: 3
      cols: 1
      dt: d
      data: [ 2.6983715947665619e+01, -5.9757821697383982e+01,
          -8.6555374754297159e+00 ]
   E: !!opencv-matrix
      rows: 3
      cols: 3
      dt: d
      data: [ 1.4366922564074851e+00, 1.2399380569181346e+00,
          -6.0351586988084151e+01, 9.2847782479628869e+00,
          4.4197096384195733e+00, -2.6406406702372220e+01,
          -5.9623198299974320e+01, -2.6648152683881221e+01,
          -5.8368110624837630e+00 ]
   F: !!opencv-matrix
      rows: 3
      cols: 3
      dt: d
      data: [ 1.5066523515986543e-08, 1.3100565181128430e-08,
          -5.0305187982140065e-04, 8.8011329725575671e-08,
          4.2208656124806348e-08, -2.3505872507194583e-04,
          -1.3494360798110869e-03, -6.1410968418644757e-04, 1. ]
   avgEpipolarErr: 3.8257766096754825e-01
   maxEpipolarErr: 1.5567091353389921e+00
   colorOrder: BGR
   avgColorErr: 0.
   colorR2: 1.
