%YAML:1.0
Cameras:
   - C905
Projectors:
   - Projector  0
C905:
   imageWidth: 640
   imageHeight: 480
   responseGamma: 0.
   cameraMatrix: !!opencv-matrix
      rows: 3
      cols: 3
      dt: d
      data: [ 7.7992850819740386e+02, 0., 3.3273112165872055e+02, 0.,
          7.7892889270340311e+02, 2.4346056303291257e+02, 0., 0., 1. ]
   distortionCoeffs: !!opencv-matrix
      rows: 1
      cols: 4
      dt: d
      data: [ -9.5805161982138468e-02, 3.5705253342965350e-02,
          4.1817471859493232e-03, 6.4425094713293227e-04 ]
   extrParams: !!opencv-matrix
      rows: 15
      cols: 6
      dt: d
      data: [ -3.8810842873576397e-02, -6.2335371309127707e-01,
          3.0311389238145017e+00, 2.0843052370196762e+02,
          2.2833057841416419e+02, 9.1974331274360395e+02,
          2.2050058027164909e-01, -5.0184827466844983e-01,
          2.0792099762752270e+00, 3.8689805373510677e+02,
          4.6261957794846140e+01, 8.5524058118494349e+02,
          3.3411348080573033e-01, -3.4679686625531625e-01,
          1.3815303221018977e+00, 1.0740686076790129e+02,
          -1.0489048189605533e+02, 7.7357350293391630e+02,
          4.5449374949323929e-01, -2.7475923290305637e-01,
          4.6129219891090534e-01, -1.3613492304171643e+02,
          -1.1565371926226427e+02, 6.9581351513611401e+02,
          4.1453403217132040e-01, -1.9489906474684535e-01,
          -3.3014624757021038e-01, -2.2503323350390659e+02,
          4.6656398598289464e+01, 7.2448872504361589e+02,
          1.7014075385414515e-01, 1.3764968327750932e-01,
          -1.6385552907156475e+00, -4.5334731842139234e+01,
          3.5230378672387087e+02, 8.6470371024013207e+02,
          -1.6225052655106342e-01, 5.1792895358861391e-01,
          -2.6735207191623869e+00, 2.5765012101334543e+02,
          3.0742153885774729e+02, 8.5898856956517909e+02,
          4.0506745089538287e-01, -6.6976653634580785e-01,
          2.5247811561716729e+00, 2.9471461794919657e+02,
          1.2652009590969445e+02, 7.8311451496039831e+02,
          2.4808234305332114e-01, -4.6275334107886146e-01,
          1.9234084798254467e+00, 1.8043364915442874e+02,
          -1.6760268406446031e+01, 8.1855701425095799e+02,
          2.5147533591455704e-02, -7.3080012283226836e-01,
          1.6130868820865150e+00, 1.6097342593600229e+02,
          -9.6517760238076278e+01, 7.6014376263394195e+02,
          1.4145513426024567e-01, -4.2090412501571511e-01,
          1.0323023963765829e+00, 1.6429014658335927e+01,
          -1.3981764997938603e+02, 7.4081228708760773e+02,
          -2.0754952942092078e-01, -6.0665742608255080e-01,
          9.0683954138784628e-01, 6.8404089146178606e+00,
          -1.6767553827378759e+02, 7.0894858346206456e+02,
          3.6127934236836612e-01, -2.1984349872042083e-01,
          7.3147382358886426e-01, -9.5541355243325242e+01,
          -1.0747187915938831e+02, 7.6232267832163564e+02,
          1.2479549023218012e-01, -8.1922806218047775e-02,
          9.3138381622013391e-02, -1.2681498505618174e+02,
          -3.5586326215897344e+01, 7.8135140168001351e+02,
          2.0775862951337895e-01, 1.5977969965891906e-01,
          -5.8026076563798545e-01, -1.9242044234635290e+02,
          1.3228006406686694e+02, 8.6019054358746541e+02 ]
   reprojErrs: !!opencv-matrix
      rows: 1
      cols: 15
      dt: d
      data: [ 2.4966056792021288e-01, 2.3412802094193191e-01,
          2.6367007181351643e-01, 2.3529112660545695e-01,
          3.4149637229620516e-01, 2.1202378071406225e-01,
          2.3268737210324514e-01, 2.5987761475338639e-01,
          3.1673670008276406e-01, 4.6650670678540929e-01,
          1.9416212723023263e-01, 2.5886294547754735e-01,
          2.0839841169818590e-01, 2.1532959545014019e-01,
          1.9518788467061762e-01 ]
   avgReprojErr: 2.6756398448119295e-01
   maxReprojErr: 9.3425773507521548e-01
   R: !!opencv-matrix
      rows: 3
      cols: 3
      dt: d
      data: [ 1., 0., 0., 0., 1., 0., 0., 0., 1. ]
   T: !!opencv-matrix
      rows: 3
      cols: 1
      dt: d
      data: [ 0., 0., 0. ]
   E: !!opencv-matrix
      rows: 3
      cols: 3
      dt: d
      data: [ 0., 0., 0., 0., 0., 0., 0., 0., 0. ]
   F: !!opencv-matrix
      rows: 3
      cols: 3
      dt: d
      data: [ 0., 0., 0., 0., 0., 0., 0., 0., 0. ]
   avgEpipolarErr: 0.
   maxEpipolarErr: 0.
   colorOrder: BGR
   avgColorErr: 0.
   colorR2: 1.
Projector  0:
   imageWidth: 1280
   imageHeight: 800
   responseGamma: 2.2000000000000002e+00
   cameraMatrix: !!opencv-matrix
      rows: 3
      cols: 3
      dt: d
      data: [ 1.9797228108814820e+03, 0., 6.8229222392809743e+02, 0.,
          2.2017171930529003e+03, 8.4442339545713082e+02, 0., 0., 1. ]
   distortionCoeffs: !!opencv-matrix
      rows: 1
      cols: 4
      dt: d
      data: [ 1.5731989231925778e-01, -4.8128931611481679e-01,
          -4.7909440988953694e-03, -1.3787486339895451e-03 ]
   extrParams: !!opencv-matrix
      rows: 15
      cols: 6
      dt: d
      data: [ -4.0353810658723355e-01, 8.8109329051929437e-03,
          -3.9869194684785864e-02, -2.1294972126939109e+02,
          -2.9405388247805928e+02, 9.1231239476230360e+02,
          -4.2210170078263198e-01, -2.0080713142468654e-01,
          -9.9535659122629860e-01, -3.9240827250612608e+02,
          -1.1347051765838252e+02, 8.4603756015304646e+02,
          -3.4426042890249420e-01, -3.5755056884645992e-01,
          -1.6969270517521673e+00, -1.1350818453127536e+02,
          4.0555987010657688e+01, 7.6979771527434036e+02,
          -3.4867088358126647e-01, -6.1583541852130741e-01,
          -2.5813986004385261e+00, 1.3058924826232172e+02,
          5.4452266501036945e+01, 6.9519616504791748e+02,
          2.4925039456396875e-01, 5.8009243724929882e-01,
          2.7513968579844033e+00, 2.2128302094652173e+02,
          -1.0677058172924453e+02, 7.2685715622222574e+02,
          -1.4737926648176514e-01, 1.5734148366465089e-01,
          1.5009685852933581e+00, 4.2739036506137197e+01,
          -4.1490041191587005e+02, 8.6414171034165201e+02,
          -3.7951272645619022e-01, -1.2366605237449052e-01,
          4.2412161951075461e-01, -2.6051130081943137e+02,
          -3.7278440621228191e+02, 8.5492275111316428e+02,
          -4.9433414535603465e-01, -3.1609907866371656e-01,
          -5.0114496873430170e-01, -2.9852717242420181e+02,
          -1.9208176715386435e+02, 7.7728884283089531e+02,
          -4.0728783189299111e-01, -2.3208294297761922e-01,
          -1.1529595328781277e+00, -1.8636592682182379e+02,
          -4.8547807159485089e+01, 8.1321653562814834e+02,
          -6.9345430540556063e-01, -3.7083123097045603e-02,
          -1.4016972834600057e+00, -1.6721846070951020e+02,
          3.1842450098353435e+01, 7.5880968248668955e+02,
          -4.6113774201099500e-01, -1.7372472856276003e-01,
          -2.0496450561891768e+00, -2.2419559504781773e+01,
          7.6718044241645345e+01, 7.3963477368655992e+02,
          -6.9082644415458616e-01, 2.4045871634272861e-01,
          -2.1135795859022548e+00, -1.2935033328681364e+01,
          1.0494761809824307e+02, 7.1556573576936637e+02,
          -2.5612084280489628e-01, -4.5728950865827572e-01,
          -2.3495539630873430e+00, 8.9449885323478782e+01,
          4.5462415120039076e+01, 7.5941033431098765e+02,
          -1.0142758323274931e-01, -2.0390862997068296e-01,
          -3.0304406002220543e+00, 1.2130225373738297e+02,
          -2.6105673884660252e+01, 7.7969989707702632e+02,
          -2.2324339193988205e-01, 2.7480299620976356e-01,
          2.5468085966186282e+00, 1.8784754032164582e+02,
          -1.9349525265433564e+02, 8.5813933169883330e+02 ]
   reprojErrs: !!opencv-matrix
      rows: 1
      cols: 15
      dt: d
      data: [ 4.7006702332176276e-01, 3.5554074694329629e-01,
          4.2020337430527949e-01, 4.9775858067731271e-01,
          5.2012251296657297e-01, 4.5750171868565642e-01,
          4.6709669188197628e-01, 4.5477714017723769e-01,
          6.0557794823807687e-01, 5.2447677333045006e-01,
