%YAML:1.0
Cameras:
   - Camera  0
Projectors:
   - Projector  0
Camera  0:
   imageWidth: 1280
   imageHeight: 1024
   responseGamma: 0.
   cameraMatrix: !!opencv-matrix
      rows: 3
      cols: 3
      dt: d
      data: [ 1.3101523859910271e+03, 0., 6.1162002567617094e+02, 0.,
          1.3034026586960374e+03, 4.8055925386920575e+02, 0., 0., 1. ]
   distortionCoeffs: !!opencv-matrix
      rows: 1
      cols: 4
      dt: d
      data: [ -1.9878760686507319e-01, -1.1226189047427084e-02,
          -2.2912322927777631e-04, -8.2104556002112914e-04 ]
   extrParams: !!opencv-matrix
      rows: 10
      cols: 6
      dt: d
      data: [ -5.3388545578829671e-01, -3.5395841172487646e-01,
          -1.0851769481564064e+00, -1.8931816733732856e+02,
          5.3687291344415840e+01, 7.6693165541937947e+02,
          -4.4730622096807360e-01, -1.0347166375784168e-01,
          -5.1230426277214991e-01, -2.3008501871700463e+02,
          -5.7630148860878492e+01, 8.2800700192996885e+02,
          -6.2624797170442303e-01, -2.6585038397328287e-01,
          -1.0171048157849745e+00, -2.0063432803806063e+02,
          -1.6650121347852156e+01, 8.6932343812033741e+02,
          -4.0654757568494321e-01, -1.4667002888301703e-01,
          -1.5572888513523988e+00, -1.1574300159348817e+02,
          1.0141581635796774e+02, 7.8974259510596107e+02,
          -3.5117955062198773e-02, -7.5565261284204066e-01,
          -2.5480481662585404e+00, 1.4646552308443194e+02,
          1.5485750485901116e+02, 6.9950247356265356e+02,
          -4.1448779435230754e-01, -8.3752281844860421e-01,
          -2.5216954820506192e+00, 1.8503337676153296e+02,
          4.3188098787740188e+01, 7.8587096642217523e+02,
          -2.6881339202300564e-01, 7.7397262458967209e-01,
          1.9367343305631255e+00, 1.7307982172265059e+02,
          -1.6215019045046472e+02, 9.5164891907015885e+02,
          -5.5608026857509962e-01, 4.4383469580624341e-01,
          8.6666607506093896e-01, -5.2203551035194884e+01,
          -1.7143931786984282e+02, 9.9927763293125258e+02,
          -3.7779816317222337e-01, 2.6398449227467691e-01,
          1.9891833004970383e-01, -1.3405549170250544e+02,
          -2.4292983431738497e+02, 9.5266214000692185e+02,
          -3.0655420246414383e-01, 1.6716168142737259e-01,
          1.1430311914065899e-03, -1.7971022890666987e+02,
          -2.3234226975798762e+02, 9.1667460184401602e+02 ]
   reprojErrs: !!opencv-matrix
      rows: 1
      cols: 10
      dt: d
      data: [ 2.4027602294603906e-01, 3.0937579003240545e-01,
          2.5713622125471292e-01, 2.0416877573503017e-01,
          2.2453464882109209e-01, 1.5598372313497991e-01,
          2.3626346417825470e-01, 2.4872538095861799e-01,
          1.6306987159129244e-01, 1.1671865672467806e-01 ]
   avgReprojErr: 2.2835709502919080e-01
   maxReprojErr: 9.2135936704549548e-01
   R: !!opencv-matrix
      rows: 3
      cols: 3
      dt: d
      data: [ 1., 0., 0., 0., 1., 0., 0., 0., 1. ]
   T: !!opencv-matrix
      rows: 3
      cols: 1
      dt: d
      data: [ 0., 0., 0. ]
   E: !!opencv-matrix
      rows: 3
      cols: 3
      dt: d
      data: [ 0., 0., 0., 0., 0., 0., 0., 0., 0. ]
   F: !!opencv-matrix
      rows: 3
      cols: 3
      dt: d
      data: [ 0., 0., 0., 0., 0., 0., 0., 0., 0. ]
   avgEpipolarErr: 0.
   maxEpipolarErr: 0.
   colorOrder: BGR
   avgColorErr: 0.
   colorR2: 1.
Projector  0:
   imageWidth: 1280
   imageHeight: 800
   responseGamma: 2.2000000000000002e+00
   cameraMatrix: !!opencv-matrix
      rows: 3
      cols: 3
      dt: d
      data: [ 2.1313156112948432e+03, 0., 6.7410989531494897e+02, 0.,
          2.3578030617799177e+03, 7.4233734506677979e+02, 0., 0., 1. ]
   distortionCoeffs: !!opencv-matrix
      rows: 1
      cols: 4
      dt: d
      data: [ 1.6368724500928761e-01, -7.6072507683772328e-01,
          -9.8418380100098110e-03, -2.4811282730619489e-03 ]
   extrParams: !!opencv-matrix
      rows: 10
      cols: 6
      dt: d
      data: [ -2.7155473410517761e-01, -4.6252965753426696e-02,
          -5.3470383880210512e-02, -2.3259170644449176e+02,
          -2.3488559255223802e+02, 8.3892725953273384e+02,
          -1.8498558227031095e-01, 1.8158867427777711e-01,
          5.3144366821341371e-01, -1.4153011593981901e+02,
          -3.3064189879192662e+02, 8.5595623579296489e+02,
          -3.7491873801988190e-01, -1.9709601786510857e-02,
          3.7478129620134755e-02, -1.3781449478919689e+02,
          -2.8464904849477080e+02, 9.0467508939328297e+02,
          -3.7230359264454865e-01, 2.0083594178233566e-01,
          -4.9741760325637191e-01, -2.2063466322097250e+02,
          -1.4682793432393450e+02, 8.6127320122126514e+02,
          -9.9610615099690200e-02, -1.4960710712412933e-01,
          -1.5948438727792129e+00, -1.7734063228067896e+02,
          1.0444416952093107e+02, 7.4352397295251455e+02,
          -3.3791796271945718e-01, -3.6508407156698741e-01,
          -1.5178023694865999e+00, -3.6759602543112649e+01,
          7.4639106236152671e+01, 7.6347576904701270e+02,
          3.5125684076194458e-02, -6.9692445233452216e-01,
          -3.0613891806515627e+00, 1.8890473157499468e+02,
          -4.9494677741862027e+01, 8.2922894253108484e+02,
          -3.0598103469728100e-01, 4.3703805657810102e-01,
          1.9770001387745180e+00, 1.0979106060802273e+02,
          -2.4522912226821805e+02, 9.1916997062002361e+02,
          -1.5707712527157097e-01, 4.7310596711663511e-01,
          1.2719021696248278e+00, 9.9654153209061448e+01,
          -3.5246928496440057e+02, 8.6552056523317469e+02,
          -8.2009867988037180e-02, 4.4604906510371928e-01,
          1.0530288510765493e+00, 5.2246046098106476e+01,
          -3.8521806481503251e+02, 8.4775094895745247e+02 ]
   reprojErrs: !!opencv-matrix
      rows: 1
      cols: 10
      dt: d
      data: [ 5.3396362706326950e-01, 6.4694872878471044e-01,
          5.6413335058434300e-01, 5.6932354834042120e-01,
          2.5931167298943547e-01, 2.3392116248254730e-01,
          5.3269903851580069e-01, 5.0534514343636572e-01,
          6.1602898362049341e-01, 6.0197979920682343e-01 ]
   avgReprojErr: 5.2355114005740089e-01
   maxReprojErr: 1.7410225940194266e+00
   R: !!opencv-matrix
      rows: 3
      cols: 3
      dt: d
      data: [ 4.8263970437446774e-01, -7.3634092772156701e-01,
          4.7419505894037772e-01, 8.4166559601147106e-01,
          5.3967761368040879e-01, -1.8630560455193707e-02,
          -2.4219401365843374e-01, 4.0810551509917303e-01,
          8.8022266972264296e-01 ]
   T: !!opencv-matrix
      rows: 3
      cols: 1
      dt: d
      data: [ -4.6586482773811321e+02, -9.0053637637002424e+01,
          9.6243615137589074e+01 ]
   E: !!opencv-matrix
      rows: 3
      cols: 3
      dt: d
      data: [ -5.9194487753229737e+01, -8.8691910723832891e+01,
          -7.7474180848830500e+01, -6.6378682494252445e+01,
          1.1925389263296040e+02, 4.5570302915432529e+02,
          -3.4863893685201208e+02, -3.1772699761367187e+02,
          5.1382312844197102e+01 ]
   F: !!opencv-matrix
      rows: 3
      cols: 3
      dt: d
      data: [ -1.0743601884398333e-07, -1.6180646158618139e-07,
          -4.0756911839042973e-05, -1.0890241404211681e-07,
          1.9666390225555496e-07, 9.5161665665125265e-04,
          -1.1953623678685695e-03, -1.2723330811374484e-03, 1. ]
   avgEpipolarErr: 1.3362511624305589e+00
   maxEpipolarErr: 5.7525549773469837e+00
   colorOrder: BGR
   avgColorErr: 0.
   colorR2: 1.
