%YAML:1.0
Cameras:
   - Camera  0
Projectors:
   - Projector  0
Camera  0:
   imageWidth: 640
   imageHeight: 480
   responseGamma: 0.
   cameraMatrix: !!opencv-matrix
      rows: 3
      cols: 3
      dt: d
      data: [ 5.4330694194797138e+02, 0., 3.2813246387174814e+02, 0.,
          5.4391399823499341e+02, 2.2636239019263962e+02, 0., 0., 1. ]
   distortionCoeffs: !!opencv-matrix
      rows: 1
      cols: 4
      dt: d
      data: [ -1.0915791546794845e-01, 1.5165369264909634e-01,
          1.0733567701286893e-03, 6.4020869566235419e-04 ]
   extrParams: !!opencv-matrix
      rows: 20
      cols: 6
      dt: d
      data: [ -8.0036463591021054e-02, -5.1752398217073781e-01,
          2.9768503337419818e+00, 3.7832286694793271e+02,
          2.2026516329066774e+02, 8.4450789500099654e+02,
          -8.9218514079821370e-02, -5.5382935622292240e-01,
          2.9891463354234942e+00, 3.0416302139962892e+02,
          1.0318862964340526e+02, 7.9776161594924565e+02,
          3.7900967244023026e-01, 2.5055166025157832e-01,
          -1.5842792758839130e+00, -3.5435094234466175e+02,
          3.1639535217814080e+02, 8.4008597006090065e+02,
          3.6674461337280007e-01, -5.8683935324790548e-02,
          -1.2613060896947650e-01, -2.7047065457899384e+02,
          -1.5146552368170833e+02, 6.5126102800520198e+02,
          3.4174885293696600e-01, -2.6444271258025720e-01,
          1.6776171376626183e+00, 3.1092825576036705e+02,
          -1.5180948040185285e+02, 6.4792324403413454e+02,
          4.0217885661629404e-01, -6.3173599767317887e-02,
          -1.1855994553107792e-01, -2.6528290949597169e+02,
          -1.6433175030942974e+02, 6.4579213325101989e+02,
          3.7729500397104448e-01, 2.5411839785800644e-01,
          -1.5920999419516968e+00, -9.1685413438351574e+01,
          2.2014421305541984e+02, 8.2397961797907317e+02,
          1.8543654196331094e-01, 4.7172455712937283e-01,
          -2.9477266488815732e+00, 6.0483407120981120e+01,
          2.2036019264521576e+02, 8.1012569537519346e+02,
          3.9872116159787435e-01, -2.2595918644259921e-01,
          1.5821452242004439e+00, 2.1942353356866812e+02,
          -1.5294269447300303e+02, 6.2143273701106045e+02,
          2.1762656492494975e-01, -1.7791004328661417e-01,
          3.0308592261175693e-01, -2.4388389104303178e+02,
          -1.3297246896568512e+02, 6.5280185021944601e+02,
          -5.8293633204356592e-02, -5.9098581210046991e-02,
          -8.9530762460421812e-02, -3.2321798044797049e+02,
          -1.9618498443549377e+01, 6.8277496563927434e+02,
          3.5479985545926344e-02, -3.5611413591438046e-02,
          -1.3232314047767793e-01, -1.2625821191982124e+02,
          -2.5618913672336170e+01, 7.0385601784256005e+02,
          3.9211464190881729e-01, 2.1549658730119634e-01,
          -1.4130773420718574e+00, -8.5523550079182243e+01,
          2.2984725360266845e+02, 8.2839582713436994e+02,
          -2.1486395613228168e-01, -3.7473924531076987e-02,
          -1.2192808652877701e-01, -2.5656431082473205e+02,
          -3.8123930453167198e+01, 6.7578066921389507e+02,
          -7.6289590058333828e-02, 2.9437340489530678e-01,
          -7.8882840818867728e-01, -1.8217958163924104e+02,
          1.1097414929505841e+02, 7.4697035931731625e+02,
          8.7261956598297750e-03, -2.5237562752235082e-01,
          4.0351738841864915e-01, -2.3003814892692472e+02,
          -1.4085825565455085e+02, 6.4516413702574084e+02,
          -1.0555940811495185e-01, -4.6016602388014177e-01,
          3.0413421435923813e+00, 1.7441295323315637e+02,
          1.8734846533607646e+02, 7.9752317516395408e+02,
          -9.1039990089083159e-02, -4.7519483656498479e-01,
          3.0032666117681273e+00, 3.2194871941055681e+02,
          1.5780707108135309e+02, 8.0321966331036128e+02,
          -9.9552946449581819e-02, 1.0618837568091075e-01,
          3.0712556287925636e+00, 2.6929107633919546e+02,
          1.6439659778260724e+02, 6.6777875570616368e+02,
          1.5338089670609836e-01, 2.7372008867012287e-01,
          -3.0935183198006868e+00, 1.7108269571471331e+02,
          2.0605011286974738e+02, 7.6112262118424530e+02 ]
   reprojErrs: !!opencv-matrix
      rows: 1
      cols: 20
      dt: d
      data: [ 3.5773324527368561e-01, 4.4413915970770379e-01,
          4.5170444688059863e-01, 3.8137608802180739e-01,
          4.8504427729700922e-01, 4.0836310886972477e-01,
          5.3689523918086579e-01, 4.2198860090040929e-01,
          4.0169225895790017e-01, 3.7113508446024807e-01,
          3.6899942828720822e-01, 4.6215828398327491e-01,
          5.8726361927033932e-01, 3.2707933630218655e-01,
          2.3008301964905439e-01, 3.9189981831041298e-01,
          4.9289776074319019e-01, 4.5883509180190452e-01,
          3.2354694741349549e-01, 4.6654356860922008e-01 ]
   avgReprojErr: 4.2450029623819413e-01
   maxReprojErr: 1.0800357572306361e+00
   R: !!opencv-matrix
      rows: 3
      cols: 3
      dt: d
      data: [ 1., 0., 0., 0., 1., 0., 0., 0., 1. ]
   T: !!opencv-matrix
      rows: 3
      cols: 1
      dt: d
      data: [ 0., 0., 0. ]
   E: !!opencv-matrix
      rows: 3
      cols: 3
      dt: d
      data: [ 0., 0., 0., 0., 0., 0., 0., 0., 0. ]
   F: !!opencv-matrix
      rows: 3
      cols: 3
      dt: d
      data: [ 0., 0., 0., 0., 0., 0., 0., 0., 0. ]
   avgEpipolarErr: 0.
   maxEpipolarErr: 0.
   colorOrder: BGR
   avgColorErr: 0.
   colorR2: 1.
Projector  0:
   imageWidth: 1280
   imageHeight: 800
   responseGamma: 2.2000000000000002e+00
   cameraMatrix: !!opencv-matrix
      rows: 3
      cols: 3
      dt: d
      data: [ 1.01525e+03, 0., 6.336e+02, 0.,
          1.01525e+03, 3.6e+1, 0., 0., 1. ]
   distortionCoeffs: !!opencv-matrix
      rows: 1
      cols: 4
      dt: d
      data: [ -3.9725914252164513e-02, 1.5719194938912929e-02,
          1.2401622635113425e-03, -1.6059312696931278e-03 ]
   extrParams: !!opencv-matrix
      rows: 20
      cols: 6
      dt: d
      data: [ -1.6565501174976432e-01, 7.6844179042392380e-03,
          -9.9088261519558376e-03, -3.6368977632228655e+02,
          -4.8275957463821578e+02, 7.3008924531529851e+02,
          -1.8988262046868867e-01, 9.6925486362167794e-03,
          9.6038258946726483e-03, -3.0176761764663132e+02,
          -3.5138605896557544e+02, 7.0773201856215189e+02,
          -1.4939186918764780e-01, 1.8644971347895634e-01,
          1.6372090749144861e+00, 3.7703726325803393e+02,
          -4.9800619130231672e+02, 7.4541489911049553e+02,
          1.6143781336867585e-02, 2.9449535152621459e-01,
          3.1123367778616138e+00, 2.4339756937867477e+02,
          -1.3063683809320253e+01, 6.3668744375635754e+02,
          -6.0893308205941091e-02, -2.3284096812199140e-01,
          -1.3365799371822504e+00, -3.3476586958192604e+02,
          -7.6178033792564250e+01, 6.0799900862161849e+02,
          1.4005735885903960e-02, 3.5105039187963927e-01,
          3.1125022782761307e+00, 2.3693036304879922e+02,
          -2.8568142368075439e-01, 6.3394886470640097e+02,
          -1.5741993921112510e-01, 1.8478387897529949e-01,
          1.6305932554102116e+00, 1.0406075200986754e+02,
          -4.2788257675892862e+02, 7.3209268211894357e+02,
          -1.4866186062953998e-01, 5.0660440509027509e-02,
          2.6724071345270300e-01, -4.6583844679371246e+01,
          -4.4200775191882667e+02, 7.1114047883908177e+02,
          -2.2237444218611055e-02, -2.9190586569261168e-01,
          -1.4315121305171044e+00, -2.4288601022040885e+02,
          -6.0107906630516347e+01, 5.8587667480462164e+02,
          -1.3383891526480721e-01, -7.3567680347234238e-02,
          -2.7119893022687500e+00, 2.1893984049240541e+02,
          -3.4745132969778446e+01, 6.3460903638692776e+02,
          -4.8360883487703767e-02, 3.7555613593326970e-01,
          -3.0885382600450790e+00, 3.1021668918418771e+02,
          -1.4279947203664204e+02, 6.4817735443900926e+02,
          1.4513043987067846e-02, -2.2256963064512844e-01,
