%YAML:1.0
Cameras:
   - Camera  0
Projectors:
   - Projector  0
Camera  0:
   imageWidth: 640
   imageHeight: 480
   responseGamma: 0.
   cameraMatrix: !!opencv-matrix
      rows: 3
      cols: 3
      dt: d
      data: [ 6.1359681576421963e+02, 0., 3.1255132808921542e+02, 0.,
          6.1323020798290452e+02, 2.2792944590860736e+02, 0., 0., 1. ]
   distortionCoeffs: !!opencv-matrix
      rows: 1
      cols: 4
      dt: d
      data: [ 1.3593747043206764e-01, -2.4499164190580494e-01,
          -1.0231897826005859e-02, 8.4300082956956072e-04 ]
   extrParams: !!opencv-matrix
      rows: 10
      cols: 6
      dt: d
      data: [ -5.3919928748818935e-01, -2.3910366493473681e-02,
          -7.4405053726582390e-02, -1.8542224608580651e+02,
          -8.7632990717796602e+01, 7.9011768910496789e+02,
          -2.6873569345243392e-01, -5.1774780538047138e-01,
          -1.3856387264951147e+00, -2.8643313699228230e+02,
          1.7002669615085807e+02, 5.6148165255180390e+02,
          -2.7004975939777787e-01, -5.5181596812563671e-01,
          -1.5196160828793015e+00, -3.5633717670915308e+02,
          1.8347325012461221e+02, 5.6137067238137809e+02,
          -3.6069878700546065e-02, 5.2180412976553558e-01,
          3.0651490547287783e+00, 2.6598234989576855e+02,
          2.2534159783463856e+01, 7.1678404862221191e+02,
          -2.5581470741195527e-02, 1.1279984257084061e+00,
          2.9080146085072816e+00, 2.4140614236484569e+02,
          1.6845667990494621e+02, 5.5987429529663166e+02,
          4.4563042990620211e-01, 4.9654939889982663e-01,
          2.4354830819576225e+00, 3.0908137786893633e+02,
          -4.2495571491455365e+01, 5.2117596504754658e+02,
          1.0478771945724354e-01, 3.0814375881099304e-01,
          2.0533665661497862e+00, 4.3314424882098581e+02,
          -1.3332553754290777e+02, 6.2135906499421708e+02,
          -3.3908067234009703e-01, -3.4477366389157570e-02,
          9.9028167431157432e-01, -1.7622291016663514e+01,
          -2.8184395730056798e+02, 7.4982620500707958e+02,
          -5.3656816382364614e-01, -2.2668345333688719e-01,
          3.4395185627529384e-02, -3.0386343319585490e+02,
          -1.3352310336936006e+02, 7.0521494690244697e+02,
          -8.9667356445913116e-02, 3.9413062241369489e-03,
          4.3740276758530584e-03, -1.9281784140814221e+02,
          -1.5639000539083565e+02, 6.5894719818788838e+02 ]
   reprojErrs: !!opencv-matrix
      rows: 1
      cols: 10
      dt: d
      data: [ 2.2294804118215450e-01, 2.9404871398701765e-01,
          2.6553766859545758e-01, 2.5388700248423574e-01,
          3.4185513451620630e-01, 2.5685643884666648e-01,
          2.2613835047676936e-01, 2.4084809252138853e-01,
          2.0799386604048581e-01, 2.7221156958834131e-01 ]
   avgReprojErr: 2.6198110206963249e-01
   maxReprojErr: 1.0007406818610183e+00
   R: !!opencv-matrix
      rows: 3
      cols: 3
      dt: d
      data: [ 1., 0., 0., 0., 1., 0., 0., 0., 1. ]
   T: !!opencv-matrix
      rows: 3
      cols: 1
      dt: d
      data: [ 0., 0., 0. ]
   E: !!opencv-matrix
      rows: 3
      cols: 3
      dt: d
      data: [ 0., 0., 0., 0., 0., 0., 0., 0., 0. ]
   F: !!opencv-matrix
      rows: 3
      cols: 3
      dt: d
      data: [ 0., 0., 0., 0., 0., 0., 0., 0., 0. ]
   avgEpipolarErr: 0.
   maxEpipolarErr: 0.
   colorOrder: BGR
   avgColorErr: 0.
   colorR2: 1.
Projector  0:
   imageWidth: 1280
   imageHeight: 800
   responseGamma: 2.2000000000000002e+00
   cameraMatrix: !!opencv-matrix
      rows: 3
      cols: 3
      dt: d
      data: [ 1.0720552441089139e+03, 0., 6.0968502059459217e+02, 0.,
          1.0713413057602879e+03, 7.8699284016769786e+02, 0., 0., 1. ]
   distortionCoeffs: !!opencv-matrix
      rows: 1
      cols: 4
      dt: d
      data: [ 4.8098166949959859e-02, -4.1551879899948907e-02,
          3.0088264586027155e-04, -2.6592645787238928e-03 ]
   extrParams: !!opencv-matrix
      rows: 10
      cols: 6
      dt: d
      data: [ -1.4015757012270086e-01, -1.7228874011875655e-02,
          -8.2967100179221390e-02, -1.8054915115689732e+02,
          -3.4340158100390482e+02, 7.1772791284984999e+02,
          6.4791596907612117e-02, -2.3206235431324687e-01,
          -1.4624272214310079e+00, -2.7896738127238854e+02,
          -1.6144943596068206e+01, 6.0872462841207653e+02,
          5.6524482402906473e-02, -2.4107669985963959e-01,
          -1.5983075142154985e+00, -3.4907621847010682e+02,
          -3.6616965030224811e+00, 6.1430683148510150e+02,
          -3.2663845736782347e-02, -1.0453436593186535e-01,
          3.0995228349002799e+00, 2.7164001074985663e+02,
          -2.1574718180002716e+02, 6.9632540518662120e+02,
          -2.9469660795068027e-02, 5.2636753122126489e-01,
          3.0640717870092584e+00, 2.4900438002812970e+02,
          -2.0151557145363491e+01, 6.0916036109027664e+02,
          6.0459677688675839e-01, -3.5722329336846542e-03,
          2.5323508672788391e+00, 3.1591618040157579e+02,
          -1.9881575174315196e+02, 4.8898283228074695e+02,
          3.4697829979006006e-01, -1.2303237097534753e-01,
          2.0857697457022009e+00, 4.3916751707999725e+02,
          -3.2218757789019736e+02, 5.4678490018827381e+02,
          2.6113230178989869e-02, -2.4069169922235295e-01,
          9.5262732607060840e-01, -1.2818092199261171e+01,
          -5.0729297949048794e+02, 6.0474073381157018e+02,
          -1.3838760011180870e-01, -2.3633342002576166e-01,
          -1.7937610625863923e-02, -2.9834307371463666e+02,
          -3.5177718598097124e+02, 6.2013937333395268e+02,
          3.1995997208327159e-01, -2.2355731709089947e-03,
          1.5582305658747428e-03, -1.8697896694391713e+02,
          -3.5532358443334800e+02, 5.6895274604782651e+02 ]
   reprojErrs: !!opencv-matrix
      rows: 1
      cols: 10
      dt: d
      data: [ 2.1849029975772899e-01, 3.4509238030767958e-01,
          4.6305743118962472e-01, 3.2186583411862707e-01,
          2.5723653304862532e-01, 1.9462598685404123e-01,
          3.5409229391890007e-01, 3.4676586141843846e-01,
          2.8767490778968452e-01, 4.0139734920132519e-01 ]
   avgReprojErr: 3.2850197294853639e-01
   maxReprojErr: 7.2522372456739037e-01
   R: !!opencv-matrix
      rows: 3
      cols: 3
      dt: d
      data: [ 9.9995785342046162e-01, 2.4695227052733710e-03,
          -8.8426715618457243e-03, -5.7381694612122919e-03,
          9.1995992433309348e-01, -3.9197042111909841e-01,
          7.1669236061888113e-03, 3.9200464165447979e-01,
          9.1993532170874170e-01 ]
   T: !!opencv-matrix
      rows: 3
      cols: 1
      dt: d
      data: [ 1.2105867949984642e+01, 4.5917751641259756e+01,
          2.5782259528413615e+01 ]
   E: !!opencv-matrix
      rows: 3
      cols: 3
      dt: d
      data: [ 4.7703199244785222e-01, -5.7186737471841340e+00,
          5.2347244752998570e+01, 2.5694411063577572e+01,
          -4.6818865523515134e+00, -1.1364599580264697e+01,
          -4.5985281886860058e+01, 1.1023518433001097e+01,
          -4.3391065617456146e+00 ]
   F: !!opencv-matrix
      rows: 3
      cols: 3
      dt: d
      data: [ 8.7283596855843607e-07, -1.0469839063309964e-05,
          6.0884439627302549e-02, 4.7044960938051921e-05,
          -8.5773846731691720e-06, -2.5516597395924535e-02,
          -1.2775923679112736e-01, 3.4769898988779586e-02, 1. ]
   avgEpipolarErr: 3.5629375129047802e-01
   maxEpipolarErr: 1.3121282564484251e+00
   colorOrder: BGR
   avgColorErr: 0.
   colorR2: 1.
