%YAML:1.0
Cameras:
   - Camera  0
Projectors:
   - Projector  0
Camera  0:
   imageWidth: 640
   imageHeight: 480
   responseGamma: 0.
   cameraMatrix: !!opencv-matrix
      rows: 3
      cols: 3
      dt: d
      data: [ 6.0336619173044176e+02, 0., 3.1412708141403124e+02, 0.,
          6.0442266333410726e+02, 2.3392992279062375e+02, 0., 0., 1. ]
   distortionCoeffs: !!opencv-matrix
      rows: 1
      cols: 4
      dt: d
      data: [ 1.4581568172715451e-01, -2.9304335419508754e-01,
          -9.8065868768166184e-03, 1.6642932396551816e-03 ]
   extrParams: !!opencv-matrix
      rows: 10
      cols: 6
      dt: d
      data: [ -4.7367538411373789e-01, -1.7019243542241474e-02,
          9.6458977737399372e-03, -1.7315164553833495e+02,
          -1.8612635986348377e+02, 5.9631718160439220e+02,
          -3.8444503786908940e-01, -3.3979268883880359e-01,
          -1.4707484103287070e+00, -1.0419100304800661e+02,
          1.1588590155621586e+02, 4.4463736579914519e+02,
          2.2068113139126499e-02, -6.7299271184357712e-01,
          -3.0379180380052189e+00, 2.4207425855627142e+02,
          1.1162729434716046e+02, 4.5226208703309703e+02,
          3.0598013668146801e-01, 7.2193572926477190e-01,
          2.9980060017234109e+00, 1.6652539272776798e+02,
          6.7284638612982860e+01, 3.6936358329709788e+02,
          -3.3556896451320831e-02, -7.1764336643938598e-01,
          -2.9682834843227135e+00, 3.1763144237120150e+02,
          1.0657052350183055e+02, 4.4532380686527551e+02,
          -2.1200110711757125e-01, 1.9983615133679153e-01,
          1.5545015173670433e+00, 1.5088628680296540e+02,
          -2.9256298554786582e+02, 5.5743412806818856e+02,
          -4.7866525078363376e-01, -1.4366917002575195e-02,
          1.7585631052476892e-02, -1.8106507938446046e+02,
          -2.0601489547772519e+02, 6.0676063229476370e+02,
          -4.3131772290916159e-01, -2.7292253538956990e-01,
          -1.2080720333000643e+00, -1.1849915403199785e+02,
          8.9595924951884456e+01, 4.5762470913268066e+02,
          -3.8520408084693375e-01, -3.4756010049584646e-01,
          -1.5744458144304001e+00, -1.8549613075878557e+02,
          1.3444778079343811e+02, 4.3410016706333994e+02,
          -4.3079439584009879e-02, 6.4856011049213513e-01,
          3.0528076362429086e+00, 2.3154496913217247e+02,
          6.7738568062628090e+01, 4.7327165920781187e+02 ]
   reprojErrs: !!opencv-matrix
      rows: 1
      cols: 10
      dt: d
      data: [ 3.3297489451038192e-01, 2.7443017905966699e-01,
          3.9225867153663374e-01, 3.9662553380781163e-01,
          3.9094336019940662e-01, 2.3530066173482525e-01,
          3.6632875722997627e-01, 4.9026108948039909e-01,
          3.7893793502081008e-01, 4.1982561263259860e-01 ]
   avgReprojErr: 3.7736326610161719e-01
   maxReprojErr: 1.1061860448533452e+00
   R: !!opencv-matrix
      rows: 3
      cols: 3
      dt: d
      data: [ 1., 0., 0., 0., 1., 0., 0., 0., 1. ]
   T: !!opencv-matrix
      rows: 3
      cols: 1
      dt: d
      data: [ 0., 0., 0. ]
   E: !!opencv-matrix
      rows: 3
      cols: 3
      dt: d
      data: [ 0., 0., 0., 0., 0., 0., 0., 0., 0. ]
   F: !!opencv-matrix
      rows: 3
      cols: 3
      dt: d
      data: [ 0., 0., 0., 0., 0., 0., 0., 0., 0. ]
   avgEpipolarErr: 0.
   maxEpipolarErr: 0.
   colorOrder: BGR
   colorMixingMatrix: !!opencv-matrix
      rows: 3
      cols: 3
      dt: d
      data: [ 1., 0., 0., 0., 1., 0., 0., 0., 1. ]
   additiveLight: !!opencv-matrix
      rows: 3
      cols: 1
      dt: d
      data: [ 0., 0., 0. ]
   avgColorErr: 0.
   colorR2: 1.
Projector  0:
   imageWidth: 1280
   imageHeight: 800
   responseGamma: 2.2000000000000002e+00
   cameraMatrix: !!opencv-matrix
      rows: 3
      cols: 3
      dt: d
      data: [ 1.2563413051150239e+03, 0., 6.1553924606776650e+02, 0.,
          1.2368291549251016e+03, 6.6016094038958443e+02, 0., 0., 1. ]
   distortionCoeffs: !!opencv-matrix
      rows: 1
      cols: 4
      dt: d
      data: [ 3.5790450461787471e-02, -6.9014632423932951e-02,
          -8.7105602669458101e-03, 2.0926794634546233e-03 ]
   extrParams: !!opencv-matrix
      rows: 10
      cols: 6
      dt: d
      data: [ -3.3519585677079350e-01, -2.4751176841884402e-02,
          5.6450722169903156e-03, -1.7475803055902944e+02,
          -2.8526769476846192e+02, 5.7654998758376394e+02,
          -2.7005047957624245e-01, -2.3820884706815640e-01,
          -1.4886005949136163e+00, -1.0442889063076275e+02,
          3.4438271626615823e+01, 4.6916406113879259e+02,
          3.9969391904097269e-02, -4.4952519180611317e-01,
          -3.0831640429293725e+00, 2.4177702311562567e+02,
          2.8740672140084367e+01, 4.7854187036054810e+02,
          3.5846930653349890e-01, 5.2584112352569312e-01,
          3.0351324391641228e+00, 1.6507535549837374e+02,
          -9.7429778083610135e+00, 3.6838252593390172e+02,
          -2.1768127542179702e-02, -5.1135374556351265e-01,
          -3.0132296343116525e+00, 3.1728637147825231e+02,
          2.3940672131866723e+01, 4.6919404513345796e+02,
          -7.0044410993605852e-02, 3.3412158301295604e-02,
          1.5587061415014865e+00, 1.4865217483785480e+02,
          -3.8915980756331180e+02, 5.0353924031304661e+02,
          -3.4141268927128704e-01, -2.3196704363163921e-02,
          1.3235269962512643e-02, -1.8288377177069788e+02,
          -3.0619084969696928e+02, 5.8406226907662108e+02,
          -3.1096093446978923e-01, -1.8775397582118611e-01,
          -1.2222532141593747e+00, -1.1895483027171115e+02,
          6.6751724785620228e+00, 4.7831449128361675e+02,
          -2.7665670463571168e-01, -2.3756376324658632e-01,
          -1.5926518995533041e+00, -1.8571238130387752e+02,
          5.4539902230989782e+01, 4.5997500830922348e+02,
          -5.5179200125934351e-02, 4.1814329059201566e-01,
          3.0874837889528606e+00, 2.3097439532346635e+02,
          -1.7744738014889073e+01, 4.9277929861942806e+02 ]
   reprojErrs: !!opencv-matrix
      rows: 1
      cols: 10
      dt: d
      data: [ 3.4003159720932569e-01, 6.4400559331259588e-01,
          3.5493722205221800e-01, 8.1031265023380961e-01,
          3.4145181732367719e-01, 1.0597956456994664e+00,
          3.5947325905307848e-01, 5.5224144837909872e-01,
          3.5190322629802923e-01, 3.5917988120250516e-01 ]
   avgReprojErr: 5.4262939199630345e-01
   maxReprojErr: 2.2710332160036666e+00
   R: !!opencv-matrix
      rows: 3
      cols: 3
      dt: d
      data: [ 9.9994587545892677e-01, 1.5340630900766295e-03,
          -1.0290422883249568e-02, -2.7179253744314211e-03,
          9.9324101291584210e-01, -1.1603836927314588e-01,
          1.0042859868556547e-02, 1.1606005735113011e-01,
          9.9319142367084146e-01 ]
   T: !!opencv-matrix
      rows: 3
      cols: 1
      dt: d
      data: [ 4.3602330533858638e+00, -3.0662744530509769e+01,
          6.5825911898322609e+00 ]
   E: !!opencv-matrix
      rows: 3
      cols: 3
      dt: d
      data: [ -2.9005065488090453e-01, -1.0096819429753907e+01,
          -2.9690141746652394e+01, 6.5384457005556351e+00,
          -4.9595078805887116e-01, -4.3982837208398928e+00,
          3.0649234135479777e+01, 4.3778008791188139e+00,
          -8.2148694114575849e-01 ]
   F: !!opencv-matrix
      rows: 3
      cols: 3
      dt: d
      data: [ 2.0654990909259168e-07, 7.1775459066158173e-06,
          1.1012952274212352e-02, -4.7295911927624633e-06,
          3.5811944148860187e-07, 3.3215291123388229e-03,
          -2.4425540991174687e-02, -8.5642820718516768e-03, 1. ]
   avgEpipolarErr: 2.7443524713497749e+00
   maxEpipolarErr: 1.0151392941537374e+01
   colorOrder: BGR
   colorMixingMatrix: !!opencv-matrix
      rows: 3
      cols: 3
      dt: d
      data: [ 7.6604573382889479e-02, -5.7218538924928064e-02,
          -1.1554917018250581e-01, -8.6169109359339024e-02,
          3.4270475395352729e-01, -8.8937433175895225e-02,
          -3.0311399592083395e-02, -2.9647717451540440e-01,
          6.6640269113887163e-01 ]
