%YAML:1.0
Cameras:
   - Camera  0
Projectors:
   - Projector  0
Camera  0:
   imageWidth: 960
   imageHeight: 720
   responseGamma: 0.
   cameraMatrix: !!opencv-matrix
      rows: 3
      cols: 3
      dt: d
      data: [ 1.0880148415515441e+03, 0., 4.9786852590180717e+02, 0.,
          1.0921481622084661e+03, 3.0353799026030390e+02, 0., 0., 1. ]
   distortionCoeffs: !!opencv-matrix
      rows: 1
      cols: 4
      dt: d
      data: [ 1.3108245708010578e-02, -9.8885223773885839e-02,
          -1.0077014999011482e-02, 7.5062987416179422e-04 ]
   extrParams: !!opencv-matrix
      rows: 10
      cols: 6
      dt: d
      data: [ -1.9991585147204785e-01, 1.0054618242861506e+00,
          2.9441537310340475e+00, 1.4287515176840407e+02,
          1.8467471493963436e+02, 8.3050640553750179e+02,
          1.6446303346947921e-01, -9.9839960368441272e-01,
          -2.9291110642831679e+00, 2.8408235180867013e+02,
          2.7154131229763391e+02, 7.8102349198945853e+02,
          -4.5984667092049775e-01, -6.2630273355240162e-01,
          -1.5319348193360276e+00, -2.0709635501492482e+02,
          2.8836953413294026e+02, 6.9418914693445561e+02,
          -9.6781224585487061e-02, -2.2476286375225946e-01,
          -1.4932606979443179e+00, -1.8452536719574530e+02,
          2.7697498422179012e+02, 7.0272395930121309e+02,
          -6.9563713194154431e-01, -9.7851288230786579e-02,
          -2.3032944553916652e-02, -2.4371341050332407e+02,
          -6.2279508527280321e+01, 9.8070228544961947e+02,
          -3.7385324554127158e-01, -1.2348249631097712e-01,
          1.4558859115371749e-02, -9.8024285981141162e+01,
          -3.7074096383410676e+01, 8.3904400550120079e+02,
          -6.6514158445390936e-01, -1.1448278905493740e-01,
          3.9835605301652387e-02, -2.1007553006455797e+02,
          2.3452339835888523e+01, 9.0008860288071173e+02,
          -6.4404173341713522e-01, 4.1479143058331652e-01,
          1.4501989187824524e+00, 1.1864067158189150e+02,
          -6.7585448273812858e+01, 1.0390736453031743e+03,
          -6.0527773418037434e-01, 5.1106584871058136e-01,
          1.6945694786554553e+00, 2.6345088062846139e+02,
          -3.0091860515326335e+01, 1.0300917921020464e+03,
          -2.5186955059417032e-01, 5.9976402596606226e-01,
          2.9855827681367426e+00, 2.2077657423603887e+02,
          1.8442624076193079e+02, 8.2625209291359306e+02 ]
   reprojErrs: !!opencv-matrix
      rows: 1
      cols: 10
      dt: d
      data: [ 2.4847017239568767e-01, 2.8127659160352875e-01,
          3.1292195659312749e-01, 1.9540530934080583e-01,
          2.7379092836325891e-01, 1.7734744559319615e-01,
          2.2110195406382585e-01, 2.1509863155130832e-01,
          1.8415860931051187e-01, 1.6645884713733214e-01 ]
   avgReprojErr: 2.3260896318646693e-01
   maxReprojErr: 6.2627937978938553e-01
   R: !!opencv-matrix
      rows: 3
      cols: 3
      dt: d
      data: [ 1., 0., 0., 0., 1., 0., 0., 0., 1. ]
   T: !!opencv-matrix
      rows: 3
      cols: 1
      dt: d
      data: [ 0., 0., 0. ]
   E: !!opencv-matrix
      rows: 3
      cols: 3
      dt: d
      data: [ 0., 0., 0., 0., 0., 0., 0., 0., 0. ]
   F: !!opencv-matrix
      rows: 3
      cols: 3
      dt: d
      data: [ 0., 0., 0., 0., 0., 0., 0., 0., 0. ]
   avgEpipolarErr: 0.
   maxEpipolarErr: 0.
   colorOrder: BGR
   avgColorErr: 0.
   colorR2: 1.
Projector  0:
   imageWidth: 1280
   imageHeight: 800
   responseGamma: 2.2000000000000002e+00
   cameraMatrix: !!opencv-matrix
      rows: 3
      cols: 3
      dt: d
      data: [ 1.8183104513445926e+03, 0., 6.6087422612367050e+02, 0.,
          1.8188399661933788e+03, 7.9372337768689033e+02, 0., 0., 1. ]
   distortionCoeffs: !!opencv-matrix
      rows: 1
      cols: 4
      dt: d
      data: [ 6.1055215237149497e-02, -1.6205979414801663e-01,
          -2.8666292947557306e-03, 1.6696829338925690e-03 ]
   extrParams: !!opencv-matrix
      rows: 10
      cols: 6
      dt: d
      data: [ -1.4235877041778863e-01, 5.3703032459828903e-01,
          3.0152632159789494e+00, 8.8822328737488931e+01,
          -8.3649696632712107e+01, 7.9610708396673158e+02,
          1.2576461605893427e-01, -5.5087236072934320e-01,
          -3.0963747192924371e+00, 2.3277703953222459e+02,
          8.6680845424897477e+00, 7.7142696981460494e+02,
          -2.5406627205495341e-01, -3.5827904571025493e-01,
          -1.6265150614079384e+00, -2.5836207185810423e+02,
          6.9217473518789021e+01, 7.0587467801104003e+02,
          1.2668918554987862e-01, 2.8718109454998909e-02,
          -1.5497866895085926e+00, -2.3622204600433636e+02,
          5.4849521117256657e+01, 7.1177163006352419e+02,
          -3.8912919793921502e-01, -6.0760600215138592e-02,
          -6.8736070767563703e-02, -3.0615740037028957e+02,
          -3.5027842955487552e+02, 8.7398708570142037e+02,
          -7.0311818175788812e-02, -9.5110470865080704e-02,
          -4.0513268707248203e-02, -1.6143904666274577e+02,
          -2.8863403530515632e+02, 7.4440150815522952e+02,
          -3.5956846286814853e-01, -8.5671009414121077e-02,
          -1.0250912929754424e-02, -2.6991813342495936e+02,
          -2.4542323109517548e+02, 8.2296605205033291e+02,
          -3.7181389334070325e-01, 2.1188435973867034e-01,
          1.4454276689236141e+00, 5.6389405946357243e+01,
          -3.8637311251820302e+02, 9.1918385859551995e+02,
          -3.5306496718067149e-01, 2.6514130513151218e-01,
          1.6992826628233466e+00, 2.0252080213906098e+02,
          -3.5329261392048448e+02, 9.1837155457322194e+02,
          -1.8572891392771113e-01, 1.4026562141807214e-01,
          2.9862342141794929e+00, 1.6647781313399406e+02,
          -8.5606082074457319e+01, 7.8991750476951404e+02 ]
   reprojErrs: !!opencv-matrix
      rows: 1
      cols: 10
      dt: d
      data: [ 2.1360678187015369e-01, 2.1149627765409418e-01,
          2.7902012229217110e-01, 2.9661312968103964e-01,
          2.4594373792773211e-01, 2.2257732521343912e-01,
          2.2086359710629555e-01, 1.5401551446208628e-01,
          1.6508769924831948e-01, 2.0476067511143889e-01 ]
   avgReprojErr: 2.2164343270008013e-01
   maxReprojErr: 5.9134375914944992e-01
   R: !!opencv-matrix
      rows: 3
      cols: 3
      dt: d
      data: [ 9.9899470070192897e-01, 4.2832054033250778e-02,
          1.3228874357100439e-02, -3.6797889807161831e-02,
          9.5205631824886661e-01, -3.0370163349602303e-01,
          -2.5602798190886081e-02, 3.0290952779618113e-01,
          9.5267534590493697e-01 ]
   T: !!opencv-matrix
      rows: 3
      cols: 1
      dt: d
      data: [ -7.2976195122880796e+01, -2.1459919519516935e+00,
          -4.7133400408948305e+01 ]
   E: !!opencv-matrix
      rows: 3
      cols: 3
      dt: d
      data: [ -1.6794662756202312e+00, 4.4223610251072856e+01,
          -1.6358924321554511e+01, -4.8954412031071328e+01,
          2.0086364451946878e+01, 6.8899100099483761e+01,
          4.8292045744264378e+00, -6.9385530405259871e+01,
          2.2191378723047123e+01 ]
   F: !!opencv-matrix
      rows: 3
      cols: 3
      dt: d
      data: [ -7.0785073721453135e-08, 1.8568544184642979e-06,
          -1.2785546676315307e-03, -2.0626986601464363e-06,
          8.4313777293376746e-07, 3.9296115650390064e-03,
          2.0540878788098396e-03, -7.1937390633986251e-03, 1. ]
   avgEpipolarErr: 1.9027299128092626e-01
   maxEpipolarErr: 5.2496344649326143e-01
   colorOrder: BGR
   avgColorErr: 0.
   colorR2: 1.
