%YAML:1.0
Cameras:
   - Camera  0
Projectors:
   - Projector  0
Camera  0:
   imageWidth: 1920
   imageHeight: 1080
   responseGamma: 0.
   cameraMatrix: !!opencv-matrix
      rows: 3
      cols: 3
      dt: d
      data: [ 1.6509527191555726e+03, 0., 9.7225345616626112e+02, 0.,
          1.6513730246355813e+03, 4.3118356452335524e+02, 0., 0., 1. ]
   distortionCoeffs: !!opencv-matrix
      rows: 1
      cols: 4
      dt: d
      data: [ 3.6345190671732779e-03, -1.4471357342825814e-01,
          -7.1803033430418960e-03, -4.1980609860699540e-04 ]
   extrParams: !!opencv-matrix
      rows: 10
      cols: 6
      dt: d
      data: [ -1.6885904021127465e-01, -1.0874330806577486e+00,
          -2.8722588408883767e+00, 3.1537868111269387e+02,
          1.9868729640126998e+02, 8.1896992066189091e+02,
          -5.7571651810302316e-01, 5.5413220427278342e-01,
          1.4743597656619489e+00, 1.6444313016668127e+02,
          -6.2387972406402525e+01, 1.0624228249425178e+03,
          -2.2752039217815853e-01, -9.2752722633718998e-01,
          -2.8775546356963986e+00, 3.6491587243077538e+02,
          2.2375820288799318e+02, 7.8234049287521748e+02,
          -7.1163836473224418e-01, -3.8433625143298672e-01,
          -1.3143264227502018e+00, 1.1816543917393922e+02,
          2.5870405750159358e+02, 7.8449297279023233e+02,
          -2.0534626099520648e-01, -1.0026718333827105e+00,
          -2.8828513987370790e+00, 4.0007761061365642e+02,
          2.7542777216931847e+02, 7.3451355254171665e+02,
          -5.0340821511247225e-01, -7.3823560199309834e-01,
          -2.1106714345255115e+00, 2.3147148045123797e+02,
          3.0021112577867586e+02, 7.3543529787817295e+02,
          -2.3159382792129560e-01, -2.9957713154055854e-01,
          -3.0782294497395362e+00, 3.6179249232031640e+02,
          2.4036474892065587e+02, 7.4214723406224698e+02,
          -4.4081411572468110e-01, 5.4020283877100927e-01,
          2.1693600090297545e+00, 4.1941308600200699e+02,
          5.0883699504079779e+01, 9.1211905443868181e+02,
          -8.2485518094703142e-02, 9.7789314869523813e-01,
          2.5434165604328496e+00, 4.8481400605768715e+02,
          1.3197369259509054e+02, 8.5126120291865720e+02,
          -5.8467116206609449e-01, -4.4215258973383620e-01,
          -2.4208121076487568e+00, 2.9073993467085091e+02,
          2.9603137668595525e+02, 7.1116474650130601e+02 ]
   reprojErrs: !!opencv-matrix
      rows: 1
      cols: 10
      dt: d
      data: [ 3.7293284405972399e-01, 3.9456575559692109e-01,
          3.3371510156404344e-01, 3.2726348562080887e-01,
          3.1808678916293393e-01, 3.0019905685999521e-01,
          2.6457279301385506e-01, 2.7472488260788375e-01,
          3.2187692316484001e-01, 2.6374429434843438e-01 ]
   avgReprojErr: 3.2208463270038867e-01
   maxReprojErr: 8.2011000597617345e-01
   R: !!opencv-matrix
      rows: 3
      cols: 3
      dt: d
      data: [ 1., 0., 0., 0., 1., 0., 0., 0., 1. ]
   T: !!opencv-matrix
      rows: 3
      cols: 1
      dt: d
      data: [ 0., 0., 0. ]
   E: !!opencv-matrix
      rows: 3
      cols: 3
      dt: d
      data: [ 0., 0., 0., 0., 0., 0., 0., 0., 0. ]
   F: !!opencv-matrix
      rows: 3
      cols: 3
      dt: d
      data: [ 0., 0., 0., 0., 0., 0., 0., 0., 0. ]
   avgEpipolarErr: 0.
   maxEpipolarErr: 0.
   colorOrder: BGR
   avgColorErr: 0.
   colorR2: 1.
Projector  0:
   imageWidth: 1920
   imageHeight: 1080
   responseGamma: 2.2000000000000002e+00
   cameraMatrix: !!opencv-matrix
      rows: 3
      cols: 3
      dt: d
      data: [ 2.6277170086545761e+03, 0., 9.5032710203652960e+02, 0.,
          2.6169792592318850e+03, 1.0072746048387563e+03, 0., 0., 1. ]
   distortionCoeffs: !!opencv-matrix
      rows: 1
      cols: 4
      dt: d
      data: [ 5.4933415402050878e-02, -1.7309154712872873e-01,
          -7.0260458551505327e-03, -9.2548417122902051e-04 ]
   extrParams: !!opencv-matrix
      rows: 10
      cols: 6
      dt: d
      data: [ 1.0383511944532536e-01, 6.3392093609305489e-01,
          3.0632169968599348e+00, 1.5438249753123435e+02,
          -7.7440657306504107e+01, 7.2589303018334306e+02,
          -3.4753999747810260e-01, 2.8712956959885794e-01,
          1.4297844719512309e+00, -3.0741352996213802e+01,
          -3.8651230286995036e+02, 8.6897825732068270e+02,
          -1.4729527243620458e-01, -4.7548891001405846e-01,
          -3.0612865256947117e+00, 2.0803341747724522e+02,
          -4.6713884174546138e+01, 7.0091303114881578e+02,
          -4.3115465793592522e-01, -1.9741842942489238e-01,
          -1.4309827055267019e+00, -3.5976214030357959e+01,
          6.6858108630548729e+00, 6.9990868932400792e+02,
          -1.3698265439807167e-01, -5.5108984659672944e-01,
          -3.0797106969111292e+00, 2.4972660948173416e+02,
          1.3643822987256522e+01, 6.7284422992653504e+02,
          -3.0124838744503118e-01, -4.1759861768409412e-01,
          -2.2680648985604419e+00, 8.3381198214442293e+01,
          5.1355607022923365e+01, 6.7268033268486420e+02,
          1.3884068859750484e-01, -1.7527714861478710e-01,
          3.1149056302600320e+00, 2.0896773366773454e+02,
          -1.8673651822052992e+01, 6.6795826385675764e+02,
          -3.0790664889517239e-01, 1.7573196486182674e-01,
          2.1120611626378309e+00, 2.4160775782421507e+02,
          -2.5500551511389395e+02, 7.7403071922841150e+02,
          -3.2261228749326347e-02, 5.4249978065269788e-01,
          2.5718470623710261e+00, 3.1603876122053913e+02,
          -1.6495593342920478e+02, 7.4326904071921751e+02,
          -3.9766118483771284e-01, -6.7149052004586929e-02,
          -2.5169504081792105e+00, 1.4377842587798517e+02,
          4.9405468720275955e+01, 6.5239151499713546e+02 ]
   reprojErrs: !!opencv-matrix
      rows: 1
      cols: 10
      dt: d
      data: [ 2.1501432509042773e-01, 3.5298117463351358e-01,
          4.2774319023502372e-01, 4.3741755279250355e-01,
          9.3874517075634989e-01, 3.1453496178033225e-01,
          3.6952525506615708e-01, 2.1961664939992551e-01,
          4.1358519409247135e-01, 4.0388529238247695e-01 ]
   avgReprojErr: 4.7670484218076142e-01
   maxReprojErr: 2.8160893431259004e+00
   R: !!opencv-matrix
      rows: 3
      cols: 3
      dt: d
      data: [ 9.9519818662120407e-01, 6.6170376097267766e-02,
          -7.2125242966753267e-02, -8.5121332930447755e-02,
          9.4886165862723459e-01, -3.0399985438699983e-01,
          4.8321092972023375e-02, 3.0867950063831473e-01,
          9.4993791263412042e-01 ]
   T: !!opencv-matrix
      rows: 3
      cols: 1
      dt: d
      data: [ -1.1359951947370723e+02, 9.7005146526322790e+00,
          -1.2870257484821130e+02 ]
   E: !!opencv-matrix
      rows: 3
      cols: 3
      dt: d
      data: [ -1.0486595252254146e+01, 1.2511528865897877e+02,
          -2.9910677372489971e+01, -1.2259531616035348e+02,
          2.6549545161503559e+01, 1.1719519488646654e+02,
          1.5807926268252004e-02, -1.0843211516998041e+02,
          3.5233889354663809e+01 ]
   F: !!opencv-matrix
      rows: 3
      cols: 3
      dt: d
      data: [ -1.7635527932740222e-07, 2.1035546101842834e-06,
          -1.5660087342077680e-03, -2.0701706573806594e-06,
          4.4820717622902838e-07, 5.0866784689443572e-03,
          2.2535240984079105e-03, -7.2410225831786093e-03, 1. ]
   avgEpipolarErr: 5.5029123800019186e-01
   maxEpipolarErr: 4.0925940136209835e+00
   colorOrder: BGR
   avgColorErr: 0.
   colorR2: 1.
